86.632553 -83.244781 69.091843 36.631214 -57.252342 -2.252917 -40.914516 -52.877270 16.460026 39.299175 40.881275 -86.651421 -48.958107 60.017265 10.319978 65.692146 -25.355070 56.464264 68.769501 60.695999 -29.819151 39.569057 -52.289692 -18.157873 -63.576866 -25.823862 -16.393606 77.405823 76.346443 99.385391 23.752281 -48.162506
104.181801 -93.340424 73.501144 44.945381 -63.858463 11.036715 -47.308632 -63.290668 22.951679 45.241867 41.545681 -99.997437 -43.695633 72.482567 13.574919 76.441406 -26.711124 68.162910 77.307518 69.700981 -42.482033 46.840019 -58.447826 -17.954506 -74.527901 -25.103867 -12.596378 80.197838 80.787277 118.799141 29.889225 -55.222054
189.722000 -177.278503 127.930077 70.814049 -117.729340 37.515980 -89.746574 -116.366402 43.626266 92.681328 67.074387 -186.622787 -69.076004 140.975098 21.666176 146.177948 -50.370693 117.232719 148.006226 122.895699 -84.371216 94.789902 -117.091225 -47.960701 -137.590912 -50.334862 -31.446211 139.973404 144.543671 218.808838 55.796310 -107.849869
222.372482 -201.630524 150.331665 85.958061 -139.669052 38.392712 -98.899742 -133.891724 52.201111 105.473862 82.324333 -216.870941 -83.875801 165.036835 30.550766 169.858902 -57.343018 132.799194 174.064148 143.384552 -96.931770 112.597740 -137.900375 -52.850498 -163.794113 -57.046368 -36.023003 164.188126 165.542786 256.356598 67.502853 -130.046936
235.867126 -211.983032 164.208740 91.657181 -152.266769 37.555683 -104.425957 -142.585037 55.269985 109.097214 91.737419 -230.721451 -91.212334 178.651917 32.852863 180.833267 -62.694344 141.188187 187.782578 149.471390 -106.104347 120.225174 -148.371613 -54.179535 -173.551743 -62.332394 -38.941761 178.314316 179.062454 271.133240 70.697060 -137.782516
92.093170 -87.735031 74.342323 39.957268 -59.625813 6.655056 -43.121090 -61.440182 20.599915 37.963665 44.160587 -98.310913 -46.472439 70.013687 12.362919 74.445152 -27.010715 63.551453 70.300827 67.275650 -34.946613 42.850948 -55.749893 -23.101902 -71.388641 -24.889652 -14.852647 83.449776 81.083183 115.191612 30.988642 -50.303600
89.675613 -80.919624 76.741333 37.259541 -63.129929 4.931136 -40.556335 -62.735104 19.774139 37.961140 44.527058 -90.564896 -41.982727 72.186356 13.294123 78.283463 -26.060541 58.413811 69.870186 64.239502 -38.545376 45.078125 -54.869736 -21.969269 -70.867615 -25.697578 -13.882218 82.879601 76.992294 110.881119 32.825226 -53.855316
122.656792 -107.839050 93.432106 47.882378 -76.129829 5.095326 -58.745029 -80.822708 23.634392 51.537868 57.721893 -120.808014 -59.915333 92.916496 13.083059 93.598305 -37.698288 81.785110 91.886787 88.063820 -50.349373 56.354607 -73.089706 -32.108315 -88.947166 -36.311188 -18.615347 107.033569 105.819527 147.234604 44.542160 -66.030495
138.623260 -122.163246 106.359436 54.641163 -85.860344 0.612495 -62.598572 -87.650871 27.366638 59.776230 66.415047 -131.620987 -69.424294 102.019653 10.945661 106.269051 -41.682320 89.864838 104.032425 95.806679 -54.546448 63.246853 -80.238228 -31.569523 -98.417084 -40.053776 -22.519629 120.962013 119.193329 158.998215 45.031986 -74.388161
78.994286 -73.075623 59.933189 29.757599 -50.502743 2.711166 -39.847660 -52.053909 14.303860 35.305668 36.723114 -76.611221 -40.171635 58.048096 7.587637 61.018864 -24.579775 53.821568 62.153835 53.431145 -30.900160 37.060112 -50.246075 -18.126518 -54.259670 -25.181845 -10.966833 67.336868 66.785103 91.577339 25.158663 -43.494267
122.924759 -113.736786 95.802727 49.654476 -78.339523 12.295098 -59.573978 -83.304077 25.351915 52.397217 54.252728 -125.805717 -55.887344 95.018173 14.314285 98.809875 -39.026882 84.158928 94.237823 86.896255 -51.156528 58.973324 -76.016014 -31.403214 -89.861526 -35.540005 -17.309923 106.869934 105.511520 149.460175 41.930424 -66.331451
136.369965 -121.180405 104.235008 56.343349 -93.894333 6.463649 -57.655350 -83.079559 29.511654 60.032036 61.774178 -134.673050 -61.404221 103.247963 21.761536 106.344635 -38.157627 80.985481 109.369385 88.985725 -57.884418 69.109024 -84.079887 -27.427578 -102.128044 -37.440563 -22.962898 115.418037 109.945114 155.930099 42.451275 -81.072548
144.786102 -133.773163 106.801865 57.853840 -92.713524 11.808895 -68.387527 -90.691628 30.432287 64.003845 63.052006 -144.013382 -68.458023 107.600822 19.561186 110.261642 -41.612652 93.272598 115.547180 97.452209 -58.001831 70.266167 -89.747810 -34.301388 -104.179947 -42.438400 -23.728991 118.921265 118.483528 167.472855 44.798447 -80.515610
141.709396 -130.410294 99.832520 55.028973 -89.475792 16.883444 -66.529716 -86.940842 30.011560 66.129921 55.643951 -139.999222 -61.485634 104.493752 19.601753 106.286118 -40.078949 88.257278 112.833237 93.897766 -59.858818 70.184555 -88.205025 -33.766132 -102.555779 -40.114231 -22.863840 110.112526 110.733574 163.164505 43.623997 -81.132111
169.960678 -151.959152 121.167755 66.759445 -107.648560 20.701761 -74.269905 -101.300362 39.040714 80.501526 69.438225 -163.082367 -67.525246 126.527359 17.820930 129.583786 -44.880650 101.072212 133.225159 108.633842 -72.805794 83.741425 -102.413971 -39.232697 -122.804962 -44.475773 -29.581356 133.725723 133.434143 194.385941 52.097561 -95.751259
138.818695 -123.640060 92.691338 56.168301 -84.311050 26.777065 -64.812454 -85.226807 34.485405 59.657890 55.963654 -138.739700 -54.406490 103.517853 19.529879 103.514908 -34.511265 88.037041 105.093819 92.721176 -59.936558 66.339653 -87.330078 -32.500423 -103.593552 -33.000141 -20.453316 102.404266 105.904724 163.549728 44.107723 -76.988976
156.077454 -137.774185 114.653786 59.544144 -105.654205 18.086489 -61.138313 -93.826591 38.060467 70.991119 61.745846 -146.782471 -61.809650 117.873734 20.369526 121.736000 -43.382084 91.080307 122.907104 93.956787 -72.555069 80.633827 -94.278763 -30.338810 -113.133362 -40.212742 -25.303101 121.911346 120.600250 172.396744 42.651878 -91.245644
139.475067 -125.975571 91.945587 49.847004 -86.119408 28.406281 -61.726364 -85.885757 33.335491 68.057564 48.626923 -132.832520 -51.451160 104.283752 15.108226 104.272408 -38.605587 84.129700 106.917999 88.758858 -65.895485 70.190804 -87.491020 -36.798923 -102.662201 -34.261654 -24.236547 100.144516 105.538101 160.012253 44.311314 -79.775764
184.484375 -170.558090 131.320557 71.044327 -121.472878 25.061165 -80.489433 -110.022316 41.531490 89.476891 69.024620 -182.009644 -74.079597 138.509598 26.305897 141.614502 -51.896080 108.073502 148.186890 116.950539 -80.926254 95.761391 -114.330177 -44.165516 -136.371841 -49.944649 -33.501755 143.346085 142.687454 210.029541 54.914951 -108.725525
170.840897 -155.831985 121.009605 65.568794 -106.228172 25.979139 -78.212784 -107.459671 38.204285 78.354431 67.372810 -166.197861 -67.703323 128.170746 19.066233 132.119217 -47.742863 107.788818 133.860977 111.700127 -74.224197 84.905014 -104.768196 -41.047718 -122.639702 -46.104305 -25.326838 132.248993 132.960175 197.958023 51.990910 -95.944458
148.488464 -136.357864 98.785309 57.151974 -91.297966 36.166588 -65.515793 -90.963898 38.335262 70.175461 49.581577 -147.007156 -49.091061 111.729095 17.958073 114.237907 -38.009491 90.582214 113.371475 96.255882 -67.453751 74.618355 -90.513580 -38.135250 -110.351456 -34.862377 -23.324329 106.825417 110.473297 174.447174 46.208607 -83.613068
153.527328 -139.543213 103.762985 59.801506 -100.273270 31.628773 -68.454987 -91.608665 38.699047 69.802055 56.174980 -153.542343 -56.752762 117.128662 24.380775 116.219826 -40.352154 91.799484 121.724190 95.104103 -71.762100 78.877930 -98.050140 -33.868137 -114.512611 -38.824600 -26.098257 111.551712 115.378738 175.147598 43.468506 -89.326706
176.415634 -161.689972 123.198364 66.854889 -114.769585 31.433474 -76.538177 -109.055603 41.159050 84.818054 64.601303 -170.863892 -66.814232 134.194611 25.177193 138.293350 -48.331234 104.940765 141.449265 110.710083 -81.364304 92.065720 -112.050453 -41.134670 -130.773651 -46.323395 -28.898935 130.698227 132.043549 202.743561 50.066059 -106.307503
161.492477 -149.216431 110.578606 61.080864 -100.458115 35.568840 -73.088203 -102.519836 38.996841 75.366722 57.622944 -159.067780 -56.422489 122.889404 21.279057 127.055130 -42.920868 100.542755 126.914680 105.011780 -74.532814 82.366623 -100.678795 -40.326851 -119.088005 -40.754456 -23.420387 117.529991 120.646858 189.958374 47.929672 -94.234970
206.195175 -183.829666 140.012268 76.958481 -128.491287 43.024574 -87.444275 -127.332474 51.203861 96.184456 72.270523 -198.550415 -72.344696 157.237640 25.064846 158.449051 -56.580345 124.216263 159.614960 130.312378 -97.000679 105.164131 -126.335480 -52.374126 -149.843079 -51.576740 -31.850395 150.355621 155.363174 237.879929 63.642979 -117.263466
184.903854 -172.873932 124.016983 70.317139 -114.142067 41.814278 -84.886063 -113.156380 45.317692 88.467743 62.701107 -182.479355 -64.657440 138.022659 21.718657 142.334122 -48.686134 114.186172 142.932205 119.552185 -83.216187 92.880821 -113.753601 -47.046974 -135.888840 -46.139915 -29.919727 133.727264 139.887772 213.767334 53.568394 -104.490250
191.721191 -178.700958 128.269989 74.647842 -117.832985 38.872055 -87.613884 -114.823540 46.682468 89.892319 68.486366 -188.979568 -70.039825 143.594345 26.035797 144.986618 -49.432304 114.593201 152.443192 124.505272 -86.500008 97.762527 -121.235168 -46.794708 -141.576355 -48.368069 -32.213543 137.068695 142.639160 220.642456 54.614086 -113.270424
204.784729 -191.037277 145.204239 80.233360 -135.689636 36.193035 -91.497711 -127.282356 49.654366 92.465553 76.311859 -204.173050 -80.930984 153.014511 31.836266 161.726517 -54.687061 128.119431 160.477188 131.257034 -88.440285 104.956566 -127.940460 -46.350353 -152.432205 -54.039585 -30.783108 155.999420 155.592163 236.132736 58.756668 -119.165176
194.141953 -178.492249 134.317688 73.498215 -122.349686 37.971455 -84.504333 -120.568344 47.116116 89.039497 70.625732 -190.144165 -69.714119 147.002350 26.193592 152.116287 -52.071857 118.602852 153.043381 124.080872 -88.148407 100.342957 -119.500137 -46.828812 -142.212585 -49.442520 -28.472130 143.726349 144.860382 224.778870 57.212330 -113.242569
203.537582 -187.057983 139.665955 79.555779 -126.221077 39.071644 -94.680573 -125.553291 48.562920 94.125114 78.003990 -199.759552 -76.270309 153.034592 24.095741 156.749084 -52.276760 126.514084 159.956757 132.795502 -89.989716 101.157608 -127.615021 -49.497696 -149.839859 -51.824169 -32.013287 151.031052 154.755966 237.421509 60.217659 -116.509262
171.248779 -153.307602 115.219177 61.841908 -108.875526 36.072037 -71.708443 -103.893265 42.888931 83.077148 60.768593 -162.068604 -56.709614 134.244736 21.013573 132.903564 -45.196907 97.739372 139.062943 102.890327 -86.073997 90.914368 -108.962814 -41.592377 -124.616585 -45.115810 -30.662016 120.725533 124.111671 195.009338 48.498898 -103.669212
191.517441 -177.564102 129.665054 74.233963 -122.605682 42.192158 -82.425606 -114.481750 48.211414 93.196182 62.484715 -188.327148 -65.731628 142.962341 26.105907 149.241791 -49.427116 113.234344 149.396637 120.842369 -86.366768 99.207039 -116.829964 -45.568516 -142.909042 -47.300488 -32.304195 138.516602 141.533066 220.029724 53.921070 -111.716927
199.763123 -182.733429 137.210114 75.267632 -127.218559 39.497334 -86.537376 -122.206551 48.852604 93.670509 70.116470 -195.799545 -70.975754 150.209808 27.341497 155.733566 -52.959389 120.787735 156.035248 126.563980 -90.502747 103.054512 -121.917763 -48.093281 -146.306503 -51.394035 -30.609875 147.778961 148.750076 230.171066 59.758984 -115.605675
203.858231 -186.357513 137.964081 79.253632 -122.545959 46.159683 -90.440315 -127.371895 51.565777 91.696487 73.079132 -200.838409 -71.639153 153.544037 24.974691 156.817505 -53.358387 127.549789 156.303268 134.247360 -91.506729 101.610474 -124.898773 -51.586304 -150.368317 -48.250694 -28.386911 147.637878 153.086533 239.835373 62.489346 -115.017082
170.511032 -157.962540 113.607048 66.353371 -103.146988 38.420261 -80.671509 -108.699623 42.097263 77.012833 63.446671 -168.023422 -61.759689 127.935089 22.686150 132.562912 -42.353783 108.689934 132.988220 114.201881 -75.496674 84.752434 -108.479630 -40.646954 -125.652481 -42.879551 -23.109861 121.212318 125.378960 201.745621 50.162598 -99.901756
181.354752 -165.525589 124.842316 72.101913 -116.565735 37.239388 -79.635742 -114.964012 44.781441 79.777618 68.585197 -180.237686 -66.513924 138.445282 31.312616 143.420197 -45.925495 111.237076 144.327530 118.006119 -81.847557 94.185188 -115.929848 -39.466419 -137.504990 -45.179951 -24.908424 130.886475 131.508316 213.673538 51.987820 -110.744324
197.923264 -180.397400 134.309799 76.779640 -127.691887 40.790684 -89.621338 -120.431526 48.476635 90.541451 71.603180 -197.888687 -72.819008 149.672745 30.508823 152.092667 -51.860569 120.702286 155.686508 125.949501 -90.527336 101.261147 -125.457214 -46.021671 -147.784348 -50.640778 -31.316010 144.945633 147.921967 228.886749 58.495564 -115.121056
224.533676 -203.094864 155.394638 87.022064 -144.523376 39.450020 -95.070168 -136.246170 54.824738 103.157722 82.880112 -219.260849 -83.561386 169.185165 33.688999 174.032196 -59.038540 133.597229 177.255768 142.334061 -100.684692 116.593315 -138.779083 -51.887836 -166.177155 -57.312672 -34.917377 166.791763 166.469254 258.247009 67.032455 -132.639313
208.168625 -191.640274 140.463974 81.763084 -127.078659 42.713730 -94.024605 -127.118103 51.151871 98.683846 73.022781 -202.130524 -74.717201 152.508255 23.207964 160.871613 -52.575050 128.843750 158.788483 136.288269 -88.758614 102.922562 -124.621490 -49.765530 -151.923645 -51.642460 -31.677456 152.109695 155.871841 241.244598 60.380184 -116.873444
203.866867 -186.453796 139.596497 80.256783 -124.908485 37.081448 -93.492912 -127.096260 48.318508 92.606087 78.053940 -200.145020 -74.620941 150.536987 25.247110 159.348633 -50.978050 128.371307 157.500610 135.348740 -85.936676 101.240143 -122.747948 -46.409458 -148.599991 -52.255905 -27.826683 152.646713 151.646194 239.338623 61.646545 -116.152565
183.823532 -167.076385 120.026726 68.339874 -114.302818 39.692608 -81.433716 -110.933250 45.773701 86.367249 65.191322 -177.081589 -64.732330 139.788223 25.248222 139.195328 -47.096912 107.888557 146.595169 115.017387 -87.301529 94.825104 -118.895363 -44.514614 -134.872803 -46.318031 -30.673590 127.012970 133.288315 210.167374 52.757076 -110.534164
166.730515 -156.380920 111.359512 63.518192 -103.477058 39.676876 -73.957275 -101.973099 43.806950 77.220856 57.278343 -162.317505 -55.039024 125.032738 22.506025 129.545273 -41.738632 101.260910 131.446533 105.888275 -75.961960 86.359398 -102.641190 -37.476521 -121.941605 -39.729256 -24.904396 116.265625 121.566086 191.546432 44.674801 -97.348770
73.837273 -67.166489 56.713730 29.225224 -50.394886 2.888930 -32.407562 -40.698338 14.986132 38.409466 30.278284 -71.567001 -34.126228 54.271648 8.028506 55.517891 -20.200422 39.384617 56.112621 49.405209 -31.987076 36.187012 -41.733646 -20.264517 -58.881493 -19.993763 -18.817865 63.670292 63.049469 82.058983 23.462500 -43.768288
45.445263 -41.378624 36.832764 18.032074 -29.607840 0.719025 -21.999027 -29.502232 8.690788 19.932144 22.625553 -44.769981 -22.557117 35.673054 4.186932 36.808670 -13.331852 28.681965 36.419910 31.897141 -17.711134 21.755117 -28.040689 -12.512963 -33.097580 -14.594812 -8.018652 41.139336 39.374336 53.641735 15.546098 -25.959240
90.683968 -80.251755 73.012550 35.264740 -65.012871 0.439716 -35.464279 -54.323639 19.134403 42.103848 41.454338 -89.317383 -45.076366 68.025146 12.304814 68.330910 -28.344677 52.095547 68.767235 57.714813 -42.918976 45.307331 -53.641350 -19.753752 -71.375999 -23.622709 -17.793533 81.209030 78.647316 99.886597 27.309875 -53.467880
137.046432 -120.824356 109.970741 53.274189 -96.193436 -5.269894 -64.214401 -85.792671 25.551924 61.289131 68.243614 -134.285950 -73.464622 103.735329 19.349251 107.992348 -42.572132 83.154465 108.980408 92.933998 -56.311436 67.840782 -87.161354 -31.909971 -100.793221 -45.378864 -25.964937 125.407974 119.617264 156.380081 47.697891 -82.044922
73.356583 -69.452721 60.775452 27.658012 -50.256393 0.480815 -33.703384 -47.496758 15.280105 34.110752 35.376976 -71.047249 -38.679802 55.377495 5.420553 60.393753 -21.485096 46.922279 57.938072 50.090485 -28.590918 34.911373 -44.859581 -19.913755 -53.926838 -23.183760 -15.370589 67.663033 65.777229 86.007706 23.821238 -41.882923
97.204575 -94.076469 74.405815 37.266582 -64.989326 0.380624 -48.698883 -59.025894 20.858202 52.097652 42.909637 -97.369339 -51.851017 69.584129 8.860852 76.575233 -28.064726 62.024971 75.457527 68.279671 -33.898933 46.689644 -59.589542 -25.395292 -70.651512 -30.805943 -24.416441 85.925713 83.009605 113.610909 32.762741 -55.157249
83.065857 -73.129227 66.566414 30.407791 -58.387089 -4.232076 -37.239750 -49.709908 16.058708 39.716919 40.802444 -78.768204 -44.822464 61.059807 6.969628 64.220207 -26.894575 49.729576 63.578270 52.540398 -35.384403 40.385429 -51.432640 -17.562450 -58.790051 -26.124659 -17.527424 76.954727 75.528336 89.500031 26.270195 -46.782650
100.756500 -93.611847 80.790619 39.706665 -65.786484 -2.365009 -47.750584 -64.754333 19.197920 43.920532 51.025429 -98.543617 -54.811222 76.024818 10.236611 79.643974 -29.810984 65.560196 82.069290 70.097382 -37.782341 47.623692 -63.217140 -25.675438 -71.855652 -33.545525 -18.027496 90.904213 87.674751 117.905113 32.864082 -57.782799
136.711456 -121.719444 105.227501 56.055836 -89.143707 1.149944 -62.630943 -86.033577 26.704205 58.808136 65.669800 -136.793716 -68.997841 102.701591 19.040390 104.649467 -39.497334 85.859108 106.706352 96.238579 -53.798798 64.642426 -82.709526 -32.830395 -101.947556 -40.968048 -23.953663 120.348816 115.514320 160.878708 46.973831 -78.026207
103.046043 -94.685631 78.179550 38.081692 -72.067810 -5.516874 -51.250790 -61.645706 19.129229 52.500858 48.413857 -101.806061 -57.417534 74.888550 13.384402 78.647644 -32.334435 63.154575 82.291069 68.600937 -40.209873 50.555931 -65.593948 -23.473658 -73.012810 -35.398151 -23.888187 92.819778 87.945976 114.728943 34.886917 -60.117126
93.086510 -86.495667 73.252670 38.329212 -61.736134 -1.889817 -41.740540 -56.677048 18.386021 41.806187 46.227398 -90.759239 -48.819885 68.814003 11.569950 72.766075 -25.991182 56.568310 76.515976 63.465210 -35.259800 45.230278 -58.384880 -21.554396 -69.136787 -28.857027 -18.360237 81.979683 79.040443 106.920044 28.593878 -55.679283
106.535286 -100.056740 82.002434 42.329838 -69.000664 5.190467 -50.629124 -65.313316 21.926149 50.392242 47.923630 -110.054146 -51.931866 81.164642 10.445947 82.270119 -32.749313 67.891907 84.034821 72.103714 -42.946472 51.142059 -64.565033 -27.210285 -78.126068 -31.614433 -22.578978 95.155106 93.176941 124.237358 34.259357 -56.837112
116.820778 -104.986282 91.717773 43.898132 -83.657494 0.320825 -49.523220 -68.918678 24.372826 56.931545 51.506603 -112.732513 -58.430206 86.211899 14.113523 90.545288 -35.328289 66.937653 90.852257 74.337715 -50.276005 57.833145 -70.137184 -27.462776 -87.625427 -34.376270 -26.780500 104.270035 101.303917 128.294189 36.197018 -67.744171
130.254807 -122.058502 102.079887 51.260475 -84.834679 -0.242379 -64.215202 -85.199844 25.383986 54.833710 64.433746 -132.207062 -71.775421 98.208969 16.217367 101.960159 -39.872894 88.570610 104.979874 91.825768 -47.169807 61.077679 -82.728378 -32.912453 -91.230789 -43.057537 -21.462631 116.914093 113.010063 155.281693 43.214001 -72.187828
93.008377 -84.925842 69.433022 37.710587 -55.873463 -0.398520 -42.056225 -57.029247 18.976814 41.589703 45.589508 -88.347595 -51.364899 63.903633 6.327769 70.137032 -25.135162 61.516262 69.163521 64.938652 -30.196386 40.349064 -52.237457 -19.970610 -65.987465 -24.995548 -16.058336 80.656189 80.140121 105.457809 26.742237 -48.018951
130.589966 -114.509026 97.311340 52.225441 -84.341324 0.590008 -62.336269 -79.029739 24.770426 58.579102 62.316551 -128.778214 -65.555557 95.863091 15.391715 97.819672 -37.949581 80.589363 100.165741 89.457596 -50.670612 61.216118 -78.740898 -29.818653 -94.508621 -39.055344 -24.869646 114.358543 111.394402 149.970001 44.017006 -71.755516
110.832710 -100.809349 82.406883 44.132458 -72.702362 -0.473889 -51.248672 -69.372185 23.065062 46.550968 53.642342 -109.924301 -62.003403 79.474167 14.603795 84.170158 -33.086948 72.414436 84.445610 76.239113 -38.746639 50.414581 -67.929184 -25.121912 -78.860229 -32.951015 -18.697311 97.686920 95.163582 126.470718 36.009766 -60.140434
123.250793 -112.872101 93.112083 47.669315 -82.946732 0.369929 -54.236652 -72.641037 25.716461 59.385231 55.531879 -120.017365 -63.708813 87.930695 12.983794 92.886086 -35.699493 74.879593 95.323029 80.670464 -47.326817 58.323093 -72.812019 -27.585304 -88.840179 -35.855083 -26.834587 108.819252 106.255104 137.291016 37.186111 -67.685585
136.008575 -119.893661 105.925690 55.666451 -90.262886 5.008961 -61.450134 -86.785362 27.980799 58.356174 64.188950 -135.230316 -65.366577 103.263100 17.811462 107.266663 -40.393154 84.823891 103.958984 94.300400 -55.739025 65.161339 -82.426941 -32.422985 -102.001457 -39.027256 -22.856184 120.545799 116.106041 160.219177 47.073120 -77.279449
89.206352 -82.132683 72.231369 33.760880 -64.354721 -0.899656 -38.249931 -58.073936 19.653505 38.232437 44.178864 -87.986397 -47.782639 68.867020 14.142287 72.417542 -26.598454 56.881668 73.297226 58.277813 -36.958527 44.605770 -56.955097 -19.952028 -65.092422 -28.124739 -16.101589 80.452873 75.471153 102.046967 28.069950 -53.038040
74.909401 -69.014923 57.792191 30.892563 -48.384563 7.390188 -35.894936 -47.808155 15.236743 33.057930 33.402435 -77.705345 -34.196621 58.859245 10.620454 58.442966 -22.714481 46.956264 61.050388 51.905872 -31.624804 37.375698 -46.993999 -20.528917 -56.479290 -21.744417 -12.366930 63.904728 62.911453 90.052811 25.044872 -43.084938
108.832298 -96.514160 78.676178 42.672749 -69.886780 -0.982807 -51.975014 -67.003319 19.737341 47.835575 53.626080 -106.523315 -57.143349 79.618507 15.451979 80.048454 -31.057201 66.838997 86.985283 75.515205 -42.296638 50.388859 -69.377106 -25.539511 -79.344330 -34.072662 -19.228006 92.433701 89.785591 126.106705 37.466000 -64.324631
91.437035 -86.855606 72.614594 37.479893 -61.533131 -0.905335 -44.609158 -57.181198 17.486855 40.784878 45.708771 -91.721634 -49.228928 68.199654 11.451749 71.187050 -26.193760 58.381119 75.679214 62.467682 -33.862747 44.159401 -59.815071 -21.068693 -66.607437 -29.874468 -16.170166 80.834465 78.123062 106.210457 28.443689 -54.353374
106.812500 -92.952499 78.142479 42.174854 -68.177139 2.006717 -45.879219 -63.767750 23.477261 47.947720 49.250755 -103.027412 -53.712494 75.805809 10.694047 79.662148 -30.670368 67.025208 77.530479 70.331261 -40.913979 48.760643 -60.408573 -21.096302 -75.602516 -28.163639 -19.773212 92.938278 91.071213 118.343582 32.533257 -54.716854
99.711098 -87.621452 78.257278 38.423889 -65.471230 -0.451758 -41.348324 -66.563820 21.258121 39.529217 50.015720 -96.861832 -51.266758 75.887917 14.178653 78.455559 -30.794054 66.212303 76.174675 67.752251 -41.279739 47.275612 -59.222263 -20.454454 -73.212418 -27.938023 -13.073345 87.754669 84.031189 115.225479 32.582458 -55.777431
91.813324 -81.057854 69.947052 31.631685 -58.705551 -1.974095 -46.582073 -59.135883 14.979584 41.092823 46.999874 -88.237183 -50.194584 70.983078 10.320003 67.819778 -30.103256 58.501377 75.914833 62.577133 -41.870899 43.449257 -59.864132 -24.976784 -64.859955 -32.448757 -16.026888 79.820686 79.788376 106.869957 32.542618 -54.039108
125.802063 -114.695305 99.569450 52.557106 -83.531540 0.259733 -55.074581 -80.497772 25.682314 51.179371 62.623169 -125.793564 -64.249115 95.102875 19.789022 97.824158 -36.640110 80.356262 101.042900 87.108574 -51.194393 60.782387 -79.265022 -27.930960 -95.226944 -36.260105 -18.499235 109.462914 105.576057 147.633545 40.894180 -74.885208
106.011734 -101.779594 84.311317 42.972054 -72.628311 3.407445 -48.789207 -67.117439 23.111923 49.406597 47.937786 -107.407181 -54.949970 77.588753 14.634798 85.594864 -30.631357 68.718323 84.940887 73.208870 -39.088074 53.191536 -65.157562 -24.105928 -79.473564 -30.977045 -21.119785 93.629189 89.665993 124.597229 32.041916 -60.947269
126.541130 -115.517815 99.903244 48.388424 -86.161339 -4.817548 -61.362358 -81.545959 24.142426 54.558788 63.953945 -125.580994 -72.158760 93.966583 17.913588 98.870369 -39.766453 84.151527 101.646698 85.688545 -48.217236 61.124863 -81.480255 -27.112947 -88.190735 -42.918961 -21.307381 114.499031 110.116966 146.105728 41.625401 -72.084694
100.640022 -90.689705 81.545113 40.902920 -63.312263 4.710509 -46.435291 -69.873680 20.687824 38.790962 50.677189 -101.474022 -50.243855 78.254158 11.182746 80.774971 -31.677395 70.508636 76.668571 71.530281 -41.994522 46.444702 -63.088158 -24.006073 -73.147217 -29.455389 -11.098712 90.443031 88.624161 122.903145 35.280880 -55.181305
115.113350 -105.805000 84.441833 44.208473 -70.343628 3.416524 -57.439922 -74.846786 20.348124 53.347446 51.334461 -113.289780 -58.998497 83.519989 12.686311 86.275642 -35.832645 76.228889 88.794968 83.194153 -43.387314 53.785854 -69.325050 -30.092009 -82.928085 -36.183926 -19.129423 97.381523 95.776672 136.693359 39.269558 -64.327339
78.056694 -70.337120 58.283569 25.638554 -54.723473 -0.853648 -37.608337 -48.522331 14.552483 37.870838 35.176418 -75.849068 -41.856853 58.318478 9.027495 59.527634 -27.724487 49.599018 60.920406 48.354370 -34.518822 38.317741 -49.189133 -18.135355 -53.309090 -26.301453 -16.379185 70.108582 68.913506 84.872322 25.498903 -41.649422
108.277435 -95.606667 84.864624 40.887539 -74.155960 4.510946 -50.714825 -68.132278 20.545574 51.582279 46.128323 -104.853157 -49.109989 83.979416 13.707297 86.367363 -33.464329 63.758007 84.966034 73.314217 -47.783974 55.107098 -64.472191 -29.218920 -80.649567 -34.113682 -21.529627 94.600662 90.314232 123.839455 37.578365 -63.142612
102.709816 -92.592102 80.058899 42.580330 -64.590599 4.953915 -47.492310 -66.560898 20.851351 42.798161 49.767879 -102.204803 -48.528957 78.631187 12.595094 79.960991 -30.246904 66.751862 81.697243 71.977043 -41.888699 49.428226 -63.390594 -24.689554 -76.082008 -28.968349 -14.000969 87.784760 85.876488 123.126007 34.350643 -58.474926
95.568855 -84.692268 75.523544 36.109413 -61.154015 -0.286210 -41.797409 -64.246605 19.974981 40.538548 48.611237 -89.146080 -50.403023 69.847488 8.038719 77.259163 -28.974995 64.830345 71.625824 64.479797 -36.037811 44.348015 -55.752892 -19.067642 -66.982162 -27.189461 -13.184881 85.019264 82.191528 109.454903 29.939379 -51.135475
134.768600 -121.595139 100.647591 52.556782 -83.680023 5.705126 -64.801773 -85.022865 25.426941 61.450855 60.569553 -130.858734 -65.941833 99.386734 13.649796 101.577347 -40.776062 85.125114 104.563995 94.790810 -53.226185 63.687134 -80.753952 -35.677094 -98.431267 -40.028736 -23.119312 113.753815 112.874817 157.895538 45.355396 -75.712616
95.535187 -88.230202 70.049606 36.881756 -63.289696 0.730280 -46.933079 -58.680763 18.168537 44.755589 42.158768 -93.927536 -51.026653 67.459503 12.921868 72.329018 -29.225401 61.033710 74.135071 64.623924 -34.827110 45.438538 -59.387562 -21.054779 -67.297653 -30.027525 -17.244045 81.824188 79.935013 107.901131 30.530987 -53.379230
103.567978 -94.759613 76.242821 40.412270 -72.582474 4.733769 -46.174244 -61.648380 20.690891 51.490711 41.523125 -102.649887 -48.575439 75.537895 17.681099 79.275032 -30.604519 59.311413 81.425270 68.876343 -42.960953 53.183723 -63.367489 -24.700579 -79.849335 -29.879377 -21.904928 86.935158 83.424019 116.953957 33.676689 -62.858841
126.423340 -113.362328 95.087471 50.050117 -83.575989 -0.154028 -60.318451 -78.119385 23.915628 55.633545 59.729816 -126.056915 -66.613121 92.711021 17.778437 95.533936 -39.146038 80.889877 99.182899 85.055008 -49.207527 60.662437 -78.534340 -26.120285 -89.807045 -38.958260 -22.297865 110.735649 108.128456 143.529266 40.073887 -69.539772
127.593224 -111.604965 95.995056 44.695469 -85.696213 1.227936 -60.179237 -78.022263 23.596123 62.300812 56.176769 -120.504318 -63.497238 95.108124 11.482419 96.209480 -41.701145 77.315582 96.770294 83.143051 -56.750843 61.591496 -75.916428 -32.024815 -90.498680 -40.326405 -27.572790 112.144196 111.390457 140.687500 42.299397 -69.721428
127.010101 -111.642647 96.733040 52.157017 -82.619148 1.650624 -56.885475 -81.792191 26.044210 51.275818 61.696461 -125.699928 -64.045570 94.440643 19.506035 98.580032 -37.353539 82.634903 97.841026 88.176598 -49.355362 60.630920 -77.859749 -25.594751 -93.058220 -36.378674 -17.746946 109.426109 104.916145 148.341293 42.093132 -72.101570
97.884857 -89.080910 76.612404 37.373215 -69.087585 7.772490 -41.389565 -61.890541 21.126225 44.185081 41.125706 -99.124641 -44.215248 76.870514 16.566799 76.016891 -31.555887 59.655087 79.004440 62.838821 -46.993061 50.792286 -61.822224 -23.801960 -74.801025 -27.883913 -16.625431 83.324326 81.499245 112.909698 31.325781 -58.148937
74.049858 -69.978256 56.866932 26.623199 -50.617130 3.088042 -35.354126 -47.780182 14.815315 34.973980 32.307777 -72.082184 -38.227364 55.210140 9.004232 58.245003 -23.496693 48.618645 59.999863 48.133518 -30.284456 36.839478 -47.162231 -17.863007 -51.739105 -24.213963 -13.306594 63.465725 62.773663 84.124512 22.427889 -41.855370
122.195526 -112.837761 99.940063 46.312393 -90.743095 5.937163 -56.512581 -79.615547 25.123144 57.321953 54.021702 -123.304863 -58.446232 97.911285 21.639996 101.648399 -39.245548 73.758438 101.876808 81.232727 -56.435318 66.037346 -80.832535 -32.622677 -94.470650 -39.369762 -23.802120 108.332634 102.789330 143.259628 42.026176 -76.896637
124.073273 -109.281349 96.940781 47.584019 -86.138809 3.912551 -54.355236 -77.949348 25.350866 56.560963 55.694336 -119.021317 -58.500175 94.418983 16.708778 98.651283 -38.236588 74.201477 97.427017 81.145325 -54.096020 62.643085 -76.441620 -28.764036 -91.790131 -36.751507 -21.931242 107.885544 104.256569 140.747330 40.761589 -72.898453
110.801590 -97.949890 84.431984 41.728111 -73.350838 0.913937 -49.197788 -68.204880 22.326328 49.723167 52.346893 -105.609428 -57.048481 81.506218 10.848084 83.677444 -34.060436 70.436523 85.754509 70.959465 -46.373516 52.345806 -67.447037 -22.315746 -77.191460 -32.513042 -19.614925 97.073387 96.725632 122.660751 32.741386 -59.493164
141.784698 -127.070023 107.381630 56.570747 -92.803040 7.509214 -60.203949 -88.986923 30.298876 61.946732 62.923580 -139.001297 -66.697617 106.030762 18.067904 108.267952 -42.763618 88.395103 108.751663 95.717323 -59.925720 68.508446 -85.657387 -33.029808 -105.429008 -38.247787 -23.011007 120.740173 118.887695 163.901260 46.052826 -80.565796
123.145859 -110.147392 93.619949 51.913322 -79.666267 6.427474 -52.736519 -78.013863 27.089102 52.308475 56.420536 -121.920593 -56.940411 91.411758 17.496641 96.794800 -34.651043 77.619232 94.676300 85.002136 -48.018398 59.889229 -73.803185 -25.698309 -92.271866 -32.427246 -17.866575 104.386017 99.644524 145.188354 40.045521 -70.790199
104.245590 -99.904884 79.752579 42.659958 -68.004425 8.401528 -47.304798 -65.638496 22.052946 47.783592 44.161129 -104.242119 -48.717403 78.409355 14.829157 81.717606 -31.517473 65.244621 85.037849 70.698608 -42.241859 52.951138 -65.460510 -25.988085 -78.207535 -29.358727 -18.190733 86.151741 85.317314 121.184158 30.738234 -61.222382
130.812637 -121.503601 97.909866 52.965748 -83.162636 5.153350 -63.441113 -82.534874 26.461685 56.716225 59.064880 -130.903214 -67.852257 94.011230 15.903617 100.628632 -38.886742 87.551147 100.416367 90.692413 -46.366734 61.181000 -79.864128 -29.146360 -92.262299 -38.835751 -20.703690 112.276093 111.104034 151.900345 40.603729 -70.172623
130.502029 -120.376930 100.641006 50.746304 -83.687454 4.464678 -63.407288 -85.964310 25.806211 56.965805 61.004688 -130.898560 -64.527306 98.084320 15.620404 103.698318 -39.906662 87.933777 101.785217 90.635529 -50.174164 62.730179 -78.588036 -30.285675 -92.724464 -40.160774 -20.671356 114.662415 110.108864 153.655853 43.354748 -70.179832
142.369965 -125.349167 106.633385 55.802811 -93.870438 4.286144 -61.568634 -87.739441 29.191973 63.947578 64.277603 -136.096878 -68.094749 104.255867 17.196896 108.587364 -41.777618 86.343857 109.282478 94.725639 -58.394489 68.833038 -86.282280 -31.273861 -104.201347 -39.662910 -24.129038 120.622566 117.875320 161.171844 45.669899 -81.872604
104.829353 -95.952324 76.257774 42.952560 -67.343948 8.454048 -47.044697 -62.247101 23.141199 48.214172 43.896854 -103.116028 -47.992050 74.972031 11.744490 78.683388 -29.319315 64.895370 78.997948 69.734268 -41.298676 49.589924 -62.800289 -22.533632 -77.511475 -26.207918 -18.590607 86.141327 86.597618 118.664421 31.097126 -57.211750
102.597771 -95.711243 79.100777 38.182335 -68.957924 8.478221 -49.265068 -66.591385 20.339157 50.085495 43.312737 -100.780869 -47.088089 78.549911 11.668212 82.403564 -32.739075 64.749199 82.324730 68.351913 -44.117081 52.372746 -64.927795 -27.325607 -75.285057 -31.338791 -18.540941 87.367279 86.253815 119.108109 33.161591 -59.238197
73.348434 -67.039810 52.033607 29.002565 -45.894539 9.995623 -33.267509 -45.994389 16.609680 35.036613 29.230659 -70.233040 -31.072706 52.988670 7.284378 56.315434 -19.825296 46.107300 55.157150 49.424755 -30.387503 34.952808 -44.369698 -17.640484 -54.657791 -18.234430 -11.603594 57.310341 58.539974 85.597603 22.658194 -41.492115
133.801208 -117.496788 99.720825 55.522728 -86.583672 10.711902 -58.429039 -83.870659 29.695246 55.270611 61.589725 -133.692368 -59.133408 102.562340 20.040030 102.241776 -37.623631 83.069687 104.459648 90.775330 -57.815639 65.074829 -83.406982 -30.650690 -100.343109 -35.274338 -20.062366 110.588005 108.482918 157.206345 44.503014 -77.227165
113.573051 -103.915428 82.647438 46.467449 -71.797409 8.729027 -52.117390 -65.879471 25.051392 52.799580 50.088593 -111.487495 -51.890755 83.173073 9.531412 84.546539 -30.625723 70.043518 88.412064 73.396629 -45.998039 52.980976 -67.743835 -24.461708 -81.977470 -30.145626 -22.876591 94.639091 95.476341 126.869476 31.927319 -59.789467
126.979729 -114.920929 86.856140 50.480160 -78.998772 8.324155 -62.782173 -75.126801 24.994539 60.325199 55.202278 -125.267136 -61.945187 89.631554 15.700830 91.518806 -34.467888 79.022034 97.354614 86.586014 -47.967186 59.409241 -78.036942 -28.957123 -92.591911 -35.996952 -25.347530 102.368034 103.514122 144.789154 39.914291 -69.616684
139.231918 -131.204636 104.956085 56.497810 -93.822960 9.835307 -61.572350 -82.722313 31.416225 67.911331 58.304447 -138.231934 -63.965080 100.244576 17.520466 108.799355 -37.134388 83.843864 109.340569 91.807312 -52.989994 68.712822 -82.476700 -31.098164 -104.899475 -37.480602 -28.276903 116.792236 113.483345 159.315781 41.182755 -79.612587
135.075684 -124.401337 100.107056 53.122784 -89.032814 5.756532 -62.258411 -79.899513 27.588873 66.551483 57.796562 -131.273071 -63.005100 99.220253 16.120298 103.091644 -38.047054 79.414490 109.479309 88.716438 -54.264736 67.276199 -82.654480 -31.670273 -97.459663 -41.369144 -28.188797 112.664001 109.432411 152.426529 41.305595 -78.703079
126.124893 -118.553040 91.387321 51.374939 -79.221794 8.306817 -60.258244 -77.024780 26.027580 58.285240 54.289330 -123.695015 -61.650177 90.659393 15.579473 94.835587 -34.537453 79.433327 100.422684 86.909996 -47.375900 60.047920 -78.509583 -30.245478 -91.840698 -36.685383 -22.815266 101.851151 102.389687 144.819214 37.344242 -72.119713
133.586868 -117.452087 100.203796 46.745071 -91.342720 6.476327 -59.908989 -82.659637 27.457520 63.690338 57.256699 -126.469345 -62.361816 101.967850 14.425015 102.502060 -41.586414 79.904198 104.131691 84.690979 -61.010517 65.670403 -81.289780 -33.798412 -94.796005 -41.232838 -26.779400 113.408310 112.062325 147.689590 43.142727 -75.381500
98.107498 -89.125954 70.079262 37.935478 -62.803730 10.397949 -48.555531 -62.366871 19.981493 42.559238 42.479168 -100.361946 -43.875298 74.990662 14.732400 75.241760 -29.116888 63.701710 77.764275 66.340263 -41.356094 48.319321 -62.636829 -24.313780 -70.743881 -29.617405 -15.822597 80.332108 79.543777 115.122505 32.755306 -54.445137
101.566505 -95.540817 79.043770 40.248707 -71.177872 9.202839 -48.585140 -65.856674 22.395285 44.274387 45.642418 -103.794670 -49.218227 79.374931 15.658218 81.747032 -30.059322 66.297340 82.917664 66.695915 -43.764133 51.465672 -67.511253 -24.434174 -75.252754 -31.840330 -17.563723 86.854378 85.337852 118.544708 31.597794 -59.398964
121.115715 -110.941902 88.650093 49.782902 -82.301949 7.923786 -52.068398 -71.233185 28.469292 54.273727 50.820683 -119.622093 -57.711353 85.972275 19.814028 92.763588 -32.392181 73.610626 94.137604 78.662910 -45.411606 60.179325 -72.313194 -23.213112 -89.147896 -31.622389 -21.579971 98.732483 96.202065 134.710220 33.424267 -68.665230
108.408295 -100.227821 79.606255 42.856239 -73.915703 9.474384 -50.050835 -66.604546 23.992937 51.371933 45.149979 -108.193863 -48.803383 80.290939 16.692322 85.237167 -30.255312 66.299141 85.204102 71.361336 -43.766342 54.630138 -67.672142 -24.748655 -80.678406 -30.697100 -19.209064 89.016930 85.989082 124.687767 34.447342 -63.660404
157.098755 -140.825439 109.702415 61.074665 -102.859283 9.417936 -73.071007 -90.330643 31.987516 77.664589 65.165726 -153.919205 -72.325058 112.319504 19.306454 114.987946 -44.508224 92.109177 120.110023 102.621147 -63.696968 75.459152 -94.723122 -36.210442 -115.296028 -43.837433 -33.900337 129.386032 128.691223 174.663849 49.585056 -87.430130
140.195938 -129.828522 109.135811 55.463860 -95.371086 12.253460 -62.921726 -90.957817 30.751240 60.312191 63.033203 -141.048264 -65.410736 109.130112 19.892561 111.704765 -41.874668 89.547577 113.324249 92.999809 -60.402363 70.317337 -89.933014 -34.877636 -104.307602 -40.822338 -23.188437 119.805206 117.622490 164.152771 44.747040 -80.900185
111.537804 -104.122162 77.460030 42.832272 -66.490013 13.033146 -54.111465 -70.591339 23.506704 51.395908 45.615654 -111.118019 -49.389359 81.125298 10.440498 84.344101 -32.155556 73.644676 83.898308 77.585716 -43.117146 51.907326 -66.903679 -29.734938 -80.376198 -31.310575 -17.428352 89.694328 89.274307 131.052322 37.051537 -59.920822
130.371170 -117.656464 97.579231 51.652637 -87.118202 12.676594 -54.574818 -82.542648 30.513863 58.295094 55.504223 -127.813492 -56.187374 98.869942 18.652159 103.615730 -37.092289 79.667839 101.400276 85.931931 -54.760647 65.241898 -79.249321 -31.236771 -97.422188 -34.641617 -20.782116 107.754898 103.977875 151.627777 42.426319 -75.540665
105.487366 -99.619202 76.667633 43.807938 -66.858406 16.980566 -46.235313 -66.315735 25.671328 45.084961 41.859146 -105.526283 -44.393467 78.969795 15.672847 82.058968 -29.017593 66.430176 83.294647 70.834053 -42.748714 52.657612 -65.297813 -25.648165 -79.159943 -25.667870 -15.759302 81.704254 83.436539 123.014565 30.285299 -60.067978
130.475357 -120.390137 90.956245 55.977894 -78.006279 14.007428 -62.104076 -77.027885 28.820271 59.268963 54.126575 -131.070435 -56.646873 92.076973 15.329025 97.538147 -32.393456 81.813843 98.755844 91.181030 -45.689587 60.876553 -76.695152 -29.494310 -95.831757 -33.157593 -21.190985 103.493393 102.512978 153.293365 40.310341 -71.107323
111.936035 -104.653778 81.905243 43.657600 -75.509659 10.836398 -54.303867 -70.316940 22.960403 50.971352 46.703178 -115.714539 -49.306583 84.682922 19.498915 88.010292 -32.313828 70.117813 90.272102 75.888039 -46.654110 57.357582 -71.064362 -27.679661 -83.029526 -33.400650 -19.235008 92.568291 89.562630 130.971710 36.952045 -65.720802
151.285156 -137.566238 113.292969 61.136997 -104.492096 11.576343 -68.062981 -92.113731 32.987736 70.249321 64.728333 -152.744568 -67.329514 114.723289 24.816820 118.344749 -43.651703 90.137695 121.417480 99.286621 -64.131912 77.237976 -94.971642 -34.315342 -113.757843 -42.933693 -27.851801 126.728584 122.004364 174.726974 48.437168 -89.613235
128.042023 -117.032730 94.836914 52.144272 -84.813484 14.727478 -53.862411 -79.053108 30.235559 54.241844 53.881573 -127.345116 -56.604809 97.607582 19.726198 98.391479 -36.031868 78.566910 102.150276 83.621315 -55.670845 64.010750 -80.838135 -29.994423 -95.888344 -33.436577 -20.349697 102.790192 103.251923 147.860794 38.540337 -74.743004
142.742996 -130.424957 103.807953 55.881905 -92.194511 13.172623 -66.809547 -85.345711 29.732805 67.762199 60.128372 -141.573669 -63.033646 106.990692 15.801943 107.329124 -41.189163 86.744522 114.245590 92.683395 -59.932232 69.811089 -88.525711 -35.215664 -102.894402 -41.053051 -27.471182 117.343857 117.650284 162.651657 44.218601 -79.040474
96.763344 -86.686172 68.904800 35.631779 -60.569870 12.159809 -45.853615 -60.919815 20.738684 44.435730 41.475540 -92.583160 -41.331955 74.203278 8.277011 73.685303 -27.761486 61.170403 76.822235 61.982948 -43.571373 46.546707 -61.510906 -24.468439 -67.642860 -28.416805 -16.502365 76.563751 78.339760 110.587860 29.709898 -53.467720
132.687256 -121.165085 98.823761 48.072796 -91.203751 8.154639 -60.164459 -82.115318 26.815742 65.061562 56.608795 -127.904770 -59.819031 101.293076 17.580641 103.885307 -39.545212 78.799988 108.562538 83.418983 -58.124168 68.262291 -84.698013 -32.828793 -94.989990 -41.339111 -25.812429 110.017235 106.904984 149.090332 41.760170 -78.545097
143.469131 -130.833115 101.718147 56.827267 -89.314049 14.406959 -70.781906 -89.090027 29.432766 65.935631 61.288723 -143.730133 -64.439468 105.502808 17.046406 108.646729 -40.073204 91.560555 110.492882 98.731720 -56.377319 68.214439 -88.790253 -35.850899 -104.192558 -40.933743 -24.101454 116.695244 116.383179 168.796448 47.467026 -79.409126
141.441895 -130.306961 97.663582 56.261692 -88.225273 11.845389 -68.543579 -84.412125 28.454859 67.691368 58.410522 -139.253418 -66.883118 101.274445 18.815811 103.369446 -38.198959 86.331505 112.059990 96.584892 -55.967899 67.653854 -88.895363 -34.081223 -104.191437 -41.201599 -27.323563 111.144783 111.965660 162.158279 43.582024 -82.096848
143.272171 -130.428665 101.156807 55.298504 -92.542969 14.597306 -63.166065 -87.262909 32.234077 63.978249 58.819523 -140.661087 -66.574158 105.869255 20.068773 105.264633 -41.267906 88.351654 111.873466 94.298660 -60.974743 69.182190 -88.627106 -35.676102 -105.274879 -38.683243 -25.019072 113.413727 115.719063 162.929367 44.250317 -81.132446
102.717041 -92.496208 74.667664 41.070744 -63.469036 15.562848 -49.744030 -69.881332 22.656103 41.870480 46.642338 -103.141487 -44.893738 80.051842 13.665020 81.474846 -29.326223 69.492332 81.144806 71.175827 -43.885323 49.854290 -67.402710 -26.155005 -75.175392 -28.924974 -11.926249 82.380501 81.869469 124.861290 34.666981 -58.813503
134.395462 -122.508209 97.329895 52.029766 -89.785538 14.689013 -59.216282 -78.591972 29.956318 66.736084 53.295517 -131.231491 -55.700397 100.985046 15.774695 103.550430 -37.986858 77.446541 106.813148 84.505630 -58.603428 68.028336 -83.202370 -32.546104 -98.769325 -37.145180 -27.488281 108.773994 108.556595 151.643219 40.797649 -77.560532
126.114700 -114.067986 87.831001 52.315952 -75.987503 9.619251 -61.187885 -74.955444 26.898252 56.477875 56.850903 -123.703705 -60.059074 91.255257 13.352901 93.265259 -33.907871 80.193680 97.707504 84.585030 -47.812515 58.205532 -75.856613 -26.191412 -89.909706 -34.543827 -22.862354 101.429192 102.423698 142.845230 35.874428 -66.656021
144.079819 -128.145660 103.296295 53.669880 -95.978004 10.747974 -63.745705 -85.708687 30.683090 66.719933 60.892105 -140.909546 -65.939522 108.742699 19.640701 105.857285 -43.186222 86.585983 115.190689 90.015175 -64.763374 71.429695 -89.447754 -33.040459 -102.721985 -41.388390 -27.113670 117.448105 117.913704 159.887436 43.635754 -80.631569
128.419373 -118.716835 89.901756 52.348656 -76.166222 19.564411 -60.918957 -79.339905 29.200344 56.785660 51.391884 -128.967438 -53.506073 94.255180 12.031722 97.354652 -35.578167 84.017525 96.049309 87.643471 -50.254253 59.717815 -76.653076 -32.361385 -92.829926 -33.264500 -19.985668 102.093620 104.035042 150.553146 40.355240 -66.464592
118.584656 -111.680283 89.273048 49.248882 -76.648773 13.306727 -54.332695 -73.775406 27.406673 53.509041 49.501877 -117.879395 -52.527775 86.474213 12.823215 94.207466 -32.349949 76.656906 91.370934 78.844513 -45.938286 57.656776 -70.162010 -24.759436 -87.213142 -31.294157 -19.476599 98.105293 96.683014 137.119461 33.405521 -64.444801
137.128937 -121.809433 97.994995 52.520927 -90.173447 8.932100 -61.517490 -78.986931 29.111761 66.928925 56.705563 -131.864410 -60.053020 99.454384 15.613278 101.833168 -39.280453 80.983353 106.006966 86.014862 -58.299778 67.416443 -81.821060 -28.468943 -97.963577 -37.023811 -26.746052 111.503654 111.030121 150.176270 40.362659 -75.292145
127.967392 -120.283600 94.562271 51.085114 -85.102829 14.509027 -55.085548 -77.389771 28.378784 61.978054 50.163334 -127.202553 -53.004116 96.039230 18.856716 100.524879 -36.138966 75.446159 103.851807 82.964912 -53.818356 67.174179 -78.221748 -29.660088 -96.455086 -34.129940 -22.765247 102.919685 99.998459 147.678452 37.945549 -76.540871
123.154747 -113.181396 88.849121 48.253117 -82.690773 17.252382 -52.562462 -73.664757 28.189695 57.146332 45.805519 -124.341759 -51.109005 93.498428 19.349182 92.432076 -37.035400 74.128098 97.557350 78.076698 -56.522797 63.108246 -76.113373 -28.942753 -92.795792 -31.345186 -21.644400 97.412483 98.559685 139.617035 36.144047 -70.106628
138.488708 -122.485634 102.640190 51.650688 -94.065666 10.949567 -57.233040 -82.433990 31.069588 66.553635 55.553566 -131.288223 -59.125305 102.177460 15.374263 106.389847 -41.279690 81.703560 106.244965 84.726746 -62.188076 69.268341 -82.180954 -28.549864 -99.491112 -36.757057 -25.160732 114.046432 113.296036 151.468887 40.190777 -77.199432
175.609055 -161.074051 128.782166 71.072830 -113.724030 17.032560 -78.652283 -107.749031 38.811504 80.308281 70.553566 -175.307953 -77.743736 128.332993 23.587259 134.780945 -50.747643 109.274956 134.252213 118.221016 -69.878349 85.772125 -104.794670 -40.774498 -129.758179 -46.924858 -29.496780 144.090897 142.063110 203.112045 55.088779 -97.749992
138.499283 -125.637299 98.800262 52.668705 -86.911850 14.783545 -61.712616 -81.298897 31.011013 69.043198 53.872116 -131.283508 -57.486794 99.441040 9.974929 103.896729 -39.100182 83.805946 104.359528 88.566536 -57.898872 66.296158 -79.884041 -32.423275 -98.620888 -35.468887 -26.261518 110.829330 112.868134 154.279449 41.045616 -73.502747
146.727753 -130.142029 107.346321 57.752048 -91.733269 13.585060 -70.518112 -93.438446 30.699217 64.012573 66.855255 -145.298843 -64.341850 112.022697 17.322496 112.239861 -41.700676 94.889359 114.653015 99.483025 -62.442295 70.669548 -91.617188 -34.948753 -105.781708 -41.426361 -23.034538 120.460442 119.457504 173.266083 49.119896 -80.593452
145.207047 -133.147308 105.697960 59.010242 -92.187782 17.401518 -66.280930 -91.712143 32.274357 65.037613 58.831650 -144.359741 -63.101315 106.379410 18.857544 113.191063 -41.591534 93.142212 110.236153 98.874901 -57.407738 70.613091 -87.768570 -33.719353 -106.973953 -38.154537 -21.177204 117.532974 116.553062 170.494385 45.903614 -80.682526
155.112625 -140.683670 113.107590 59.579517 -100.181496 13.175607 -73.151299 -96.129005 31.478807 73.891823 64.481888 -152.961578 -67.335815 116.112114 19.352982 119.389145 -45.278900 95.515480 123.136292 103.585152 -65.103500 77.605331 -94.971870 -37.703400 -111.922394 -45.694668 -27.436905 127.393303 124.587036 179.488754 50.742706 -88.152710
141.784103 -128.121231 100.969055 56.525394 -88.613564 15.635807 -64.827980 -89.914688 30.730106 60.160511 59.467556 -141.126480 -63.995945 105.473763 22.050423 106.914032 -40.550514 91.229996 110.993622 96.702881 -58.314594 69.141426 -87.820053 -33.889175 -104.472427 -38.597755 -19.524897 111.331535 111.171143 166.125504 45.755211 -80.308907
147.365295 -130.568726 107.635071 57.525169 -96.182228 9.786886 -68.294952 -90.999893 30.657793 67.102745 63.781483 -143.397552 -65.953140 108.731438 19.857162 113.477737 -42.365822 91.169662 115.871048 96.960754 -60.477669 73.064728 -89.987511 -30.749836 -104.863464 -42.814938 -23.522863 120.740288 117.337227 168.500290 46.440269 -83.516045
142.493149 -128.674652 106.514137 56.741154 -91.448479 13.934692 -62.976078 -94.466530 31.684418 58.841770 62.787827 -139.594879 -64.905449 106.600639 20.281387 112.826881 -41.259201 94.262276 109.704910 97.116982 -57.678066 69.967712 -87.042839 -31.695183 -104.893059 -37.877445 -16.941763 115.958107 113.549858 167.202545 45.439907 -80.556900
129.393600 -124.621803 92.155746 55.374962 -79.512718 18.264473 -60.836960 -80.091080 29.375271 58.162022 50.351078 -130.680237 -55.558815 92.726036 17.512167 99.962799 -34.288395 83.591797 100.004776 90.537178 -48.022240 62.819683 -78.531792 -30.013762 -97.216148 -32.455902 -19.707468 100.397804 101.085968 151.840027 36.751682 -73.119118
111.827995 -99.096184 82.379105 42.893024 -72.072739 13.257969 -47.069954 -70.677162 25.803589 50.016407 48.275700 -104.985870 -45.073303 86.753685 11.863792 88.059303 -31.443287 68.003075 89.884911 70.342560 -51.942989 56.674534 -70.146790 -24.820129 -80.953377 -30.151072 -17.406902 87.922920 87.811180 128.307587 32.881630 -65.551559
136.170883 -124.688980 100.553093 57.212566 -83.844475 21.058235 -61.144672 -90.687538 31.971834 56.573101 57.652988 -135.765701 -56.940056 101.821648 17.722267 108.754372 -37.639141 91.285164 103.130768 95.238426 -54.313133 65.683365 -82.812485 -31.715357 -102.413445 -32.956005 -15.208117 108.918549 107.774513 165.396698 43.434082 -75.890190
133.984024 -124.760315 90.480392 50.081612 -84.465752 19.436234 -59.663994 -79.661140 30.033831 70.475082 48.764408 -128.204437 -54.797718 95.471207 14.498981 101.068535 -35.674271 78.091660 102.274590 87.693832 -56.287605 66.688622 -80.964638 -33.907734 -101.604591 -33.481934 -26.934719 102.061722 103.460365 153.334961 41.432671 -78.914116
140.481735 -124.510239 103.309975 55.731182 -90.155579 13.804695 -61.667664 -89.457764 31.686197 58.219963 61.901745 -136.973740 -63.701843 105.435196 18.625418 108.146477 -40.420723 90.959877 108.545784 92.299751 -59.899391 68.074059 -86.481552 -29.146799 -101.547569 -37.687180 -18.729580 113.776016 113.586922 162.190445 42.651798 -78.236534
129.151321 -121.057854 90.542961 51.117752 -77.618240 21.238491 -61.465763 -83.332542 28.519447 58.169216 49.607338 -130.693069 -53.226624 94.972107 15.548128 100.237862 -37.004654 85.679375 97.231903 89.856453 -51.571320 62.052650 -78.832428 -33.601475 -94.796577 -33.736034 -17.643812 101.287964 102.281158 153.701508 41.803448 -70.524315
140.521347 -125.598679 99.364479 53.411602 -85.709663 21.156748 -62.867176 -87.915512 32.292698 64.991547 56.247570 -134.933151 -56.464153 104.518288 13.276465 106.050224 -38.869171 88.460312 106.372162 93.304764 -62.064507 67.346413 -84.572380 -36.189873 -102.793755 -34.749783 -22.099087 109.030533 112.296631 163.843567 45.874653 -76.897476
112.255882 -103.705742 77.457031 45.082687 -67.650902 19.681488 -49.763237 -69.392250 26.614868 51.861244 41.347317 -111.145935 -42.109390 81.365623 13.912369 86.747078 -28.908268 70.622543 84.766144 76.114456 -45.238251 55.240253 -65.695526 -26.600780 -83.416725 -26.690817 -15.476177 84.812248 84.542755 132.468079 34.962074 -62.829906
124.001518 -112.037674 86.114876 50.388786 -73.298866 18.453762 -58.568493 -76.964561 28.767836 54.079052 51.936447 -122.257217 -51.486874 91.285103 12.376798 93.426231 -32.929085 81.329552 93.176384 83.831810 -50.458809 58.018566 -74.317719 -28.531601 -89.913551 -30.837471 -18.449060 96.366524 98.295105 145.552597 38.433270 -65.066460
163.475327 -148.643784 116.766304 67.222015 -96.422264 21.612936 -74.182457 -103.141678 37.187584 71.310585 67.795494 -159.586151 -68.667694 119.038231 15.976707 124.741943 -44.237503 106.224319 122.595184 113.272179 -63.502609 76.452805 -96.381287 -39.462460 -119.167305 -40.176804 -22.117775 128.815323 129.895233 192.999832 51.832214 -87.885544
164.892914 -152.361115 120.446930 63.972881 -104.249001 12.523938 -76.405411 -103.374153 34.023163 77.325989 69.374084 -158.429565 -76.146568 120.191505 19.747137 127.157547 -46.804962 103.568542 131.076141 110.621902 -65.671982 81.179161 -101.695221 -39.221512 -118.293266 -48.427601 -27.038628 132.515640 130.874771 188.712204 50.614170 -94.901588
162.830765 -151.082733 117.397125 68.779633 -105.766235 21.319754 -71.811584 -97.590172 37.957989 74.845490 62.424797 -165.214783 -68.229874 118.092857 25.085083 125.717041 -44.049583 99.554817 124.835381 109.097466 -64.162941 81.180618 -96.964149 -35.232578 -124.081566 -40.068424 -26.321974 129.525497 127.192619 189.435989 48.865353 -92.812943
146.855270 -130.824982 105.115181 57.411076 -94.065903 13.605502 -69.129921 -90.574753 31.732357 65.357933 62.427261 -144.033203 -66.254990 107.837173 18.055906 112.238182 -42.907749 93.857193 112.331017 95.801224 -60.249874 71.098068 -89.550301 -30.499577 -103.770798 -41.456917 -23.465137 119.548401 119.261070 167.031921 44.622845 -79.141602
161.970688 -146.580048 119.771866 61.229462 -105.424202 15.169214 -72.761330 -102.529945 35.416054 71.475349 68.488152 -157.913025 -74.711494 120.538513 19.386000 124.530205 -48.551365 104.681389 125.253120 104.767143 -67.970757 78.596985 -98.713203 -36.252850 -114.740555 -45.664021 -24.519003 133.292206 133.641357 184.554398 49.060200 -87.875061
147.780334 -136.368988 109.522278 55.245293 -103.016045 15.817204 -66.912743 -93.595871 31.141644 71.036522 59.221325 -148.383865 -63.602184 113.792633 25.749769 117.796501 -44.511124 89.214653 120.533546 95.558159 -66.649139 78.614319 -95.268646 -35.876331 -111.114441 -43.308620 -26.054897 120.261208 116.489868 171.360565 47.266079 -90.129532
170.710724 -154.240921 124.130722 67.193489 -106.184380 20.543343 -75.389671 -105.022453 38.600613 78.144203 70.259750 -164.651199 -71.029106 126.631462 16.438606 129.862747 -47.453793 106.119110 132.035004 112.556534 -72.190643 82.498749 -102.595078 -41.109657 -123.702553 -43.765053 -27.343100 135.961838 137.602325 196.984360 52.953636 -93.927292
132.263367 -122.304146 94.295258 51.075390 -85.457649 17.620256 -58.278198 -81.102791 30.577646 62.738358 49.893650 -127.045113 -55.590958 95.192825 15.616101 102.875786 -36.566254 82.170708 100.945694 85.071136 -53.454063 65.487236 -79.147919 -29.484880 -95.878326 -34.621510 -20.995787 102.877846 103.306015 149.693283 37.668583 -74.149826
144.034348 -134.678055 100.544502 57.048874 -89.003723 23.719038 -64.009453 -87.804413 33.187550 68.828453 53.787994 -141.781509 -57.103931 106.670235 17.807043 110.131599 -39.466297 87.318153 113.013702 95.327087 -61.044991 72.384605 -88.561981 -36.242813 -108.004753 -35.239223 -24.412046 109.021500 111.381126 167.261780 42.660103 -83.206711
127.094849 -118.986565 85.893410 49.065994 -81.532677 21.261414 -57.615719 -73.185181 29.126368 63.826347 46.259663 -127.223953 -47.650593 94.940742 19.292353 96.320404 -32.255013 71.226646 103.457359 81.553352 -56.308155 66.140999 -80.620049 -31.965698 -96.208221 -33.096725 -25.496010 94.660789 95.239456 145.759552 38.158840 -77.599922
145.153229 -129.643173 105.605072 56.842762 -93.900322 13.466168 -68.637978 -92.512138 31.789152 62.835102 65.095779 -140.991592 -64.762550 107.950279 18.577961 113.914131 -39.206112 93.387497 113.079422 95.393013 -58.957825 70.261497 -89.747902 -30.275864 -103.629951 -41.720287 -20.989511 117.417587 114.267105 166.694061 44.696041 -81.298767
140.192093 -129.248840 97.458778 52.255135 -92.389450 18.777735 -63.535099 -80.859932 30.940983 72.606239 53.525223 -136.538055 -54.981846 105.781265 17.149794 107.151436 -37.596291 78.996689 114.433479 86.437958 -62.945148 72.586395 -88.675919 -34.391396 -102.615425 -39.634903 -29.755310 108.612328 108.729294 157.823730 41.649147 -83.386536
147.206635 -137.420578 106.098633 58.134762 -98.004501 19.377613 -63.054111 -90.584885 34.624653 68.395546 56.818928 -146.733749 -59.335503 109.777557 25.009851 116.827049 -39.168640 88.011353 116.982918 96.701790 -61.058613 77.044472 -90.146477 -34.842056 -110.829216 -39.164318 -24.007000 115.610985 111.054138 170.737396 45.456024 -88.714142
144.940155 -130.841446 103.413406 58.628292 -95.182556 19.540783 -65.658417 -87.867943 33.380081 67.131088 60.131317 -143.973801 -58.140038 109.756310 21.066774 113.018250 -37.936527 86.937996 115.630028 93.944084 -62.834255 73.517342 -91.002892 -32.252407 -108.545113 -38.595470 -24.744265 114.208450 112.073471 168.764221 44.642582 -85.150757
137.315674 -128.942154 99.610405 59.444130 -87.482323 18.129864 -64.393433 -85.966682 32.172199 57.999603 59.313519 -138.028214 -58.478836 101.971649 20.925768 108.321663 -34.270149 88.320549 109.434135 94.284988 -53.507954 68.035652 -85.770691 -29.292377 -103.648331 -36.074337 -20.280012 107.496262 105.260300 161.930511 38.913040 -80.016418
146.426300 -130.729156 104.641769 56.486969 -97.620880 18.940023 -64.146370 -90.524620 33.017635 66.728462 60.170166 -144.324463 -59.099464 113.393730 24.113438 114.164772 -40.269855 86.900681 119.471825 93.290947 -66.693390 76.872482 -93.870285 -34.025665 -108.503273 -41.160370 -24.191996 114.181213 111.246368 169.241760 46.093338 -88.548782
120.616890 -110.949821 84.635544 44.576012 -81.150238 21.429199 -54.605034 -74.738258 28.790806 55.139835 44.685940 -118.859154 -49.914474 91.273712 17.826292 93.300316 -34.574299 74.981087 95.097923 74.172722 -54.626461 61.292175 -77.310173 -28.463243 -87.865013 -33.471252 -20.169888 91.534538 94.522545 135.803177 34.075169 -68.369415
156.584488 -137.794815 113.794289 61.503510 -100.985130 20.787231 -72.747238 -101.760025 35.181526 65.454048 69.122993 -154.565308 -67.258278 120.681061 21.763496 122.105972 -44.126377 101.373100 122.676048 103.531937 -69.275169 76.534653 -100.761513 -36.342712 -113.889015 -43.880741 -21.333149 125.119926 125.031380 184.265503 50.922726 -88.799126
151.480362 -137.539719 106.843330 62.794495 -90.282127 25.326271 -68.089165 -96.757133 36.023869 65.012337 61.314457 -151.363998 -58.973267 111.902405 18.396299 118.547302 -39.195141 98.609718 113.700531 105.193489 -59.671177 72.864395 -88.568604 -35.682774 -112.830986 -36.469662 -18.265772 118.143486 115.992104 181.529037 49.138977 -83.026466
171.094147 -149.915573 122.675331 64.898811 -109.571472 19.774103 -77.116364 -105.379051 38.460583 79.745567 70.380432 -163.339279 -69.686440 127.926933 17.649469 131.600342 -48.432716 104.825790 131.481140 109.462708 -74.907562 83.368515 -102.142784 -39.077446 -120.941711 -46.907032 -28.373425 136.932556 137.066742 193.806458 53.333904 -93.295540
182.094193 -163.548828 130.263565 72.188141 -117.186058 18.836721 -83.228012 -113.407280 40.178993 81.701073 76.893257 -177.886642 -79.830292 133.646652 25.147934 140.732788 -49.812370 113.842255 141.019653 120.914192 -72.915298 89.229706 -111.635651 -40.762371 -132.308121 -49.964409 -27.465202 145.423065 142.780853 209.939209 57.281471 -103.393761
146.271973 -133.801987 103.345085 59.772484 -92.676926 21.697294 -67.499229 -92.474342 33.467113 62.062599 60.925495 -146.365585 -61.325958 109.976013 23.150970 113.490234 -38.521938 92.989441 116.077682 98.402611 -60.791019 73.078079 -92.790192 -33.556328 -108.595871 -38.922390 -20.338882 112.520775 111.807541 171.919830 44.536785 -85.410408
147.306076 -131.242767 103.138359 58.925282 -87.808395 23.665709 -62.588757 -93.157898 35.658035 64.855888 60.229671 -139.202591 -56.803089 109.938812 14.593776 114.625000 -38.597694 92.387527 112.858498 97.394096 -61.965870 71.857925 -87.384705 -34.399342 -107.070244 -35.467228 -19.023184 111.433266 111.885414 171.762268 44.755154 -82.542397
152.886551 -137.977859 106.700279 57.519333 -97.262215 23.088791 -71.263367 -95.861977 34.040291 71.198364 59.367970 -149.957169 -62.096611 114.771507 18.969864 117.856247 -43.567913 95.781174 118.355667 99.634323 -66.730568 75.778976 -94.618813 -38.278728 -110.042564 -42.716915 -24.469923 118.907913 120.242210 175.941681 48.487862 -85.250542
162.518890 -145.273911 112.331604 63.638908 -102.043434 18.999826 -72.016762 -94.262596 37.716137 75.247574 65.466553 -154.687576 -68.148613 118.419601 16.670538 120.180832 -43.009949 97.355484 126.609146 102.152275 -68.823097 78.203049 -98.114311 -34.598408 -114.897491 -42.699013 -28.926832 124.982178 127.802422 180.070999 45.202026 -89.346481
168.275818 -153.735474 117.938652 67.813568 -103.327187 23.345766 -76.124298 -102.928558 39.315674 75.393410 66.208961 -164.692001 -69.784233 120.381439 18.966702 128.611465 -44.635681 106.968201 125.844856 111.907562 -64.678589 80.184143 -97.675240 -37.566341 -122.004616 -42.162876 -24.297260 131.026382 131.008423 192.831924 50.509800 -90.111542
158.323380 -141.788757 107.137268 60.712132 -101.973701 23.106558 -72.396904 -92.935326 36.141521 74.697441 60.992218 -155.753357 -65.177063 116.695595 21.913563 117.225990 -42.581841 94.566185 123.094070 100.392876 -69.361732 78.006088 -99.063919 -36.924156 -115.968979 -41.770473 -29.038910 120.523521 123.316910 178.216812 47.965202 -89.156349
152.552368 -139.759521 107.230095 64.456627 -98.918938 23.317732 -65.714767 -90.667336 38.057491 66.747139 59.557568 -151.192596 -61.970375 111.650894 24.109146 117.147636 -38.037369 92.084991 119.158577 99.253067 -61.892265 76.344872 -93.394501 -31.177172 -115.115257 -36.964104 -23.868130 115.456970 114.758133 175.217819 42.533306 -88.683136
151.283646 -135.950653 103.441292 60.695293 -90.567421 26.628710 -69.703247 -93.047066 36.365002 68.010193 61.283154 -146.980667 -58.376755 112.684113 15.872420 114.617012 -37.596458 94.563919 116.555008 100.748520 -64.271912 72.325516 -93.278633 -37.182430 -110.805504 -37.219463 -23.107323 113.251312 116.105301 177.546265 47.164070 -84.183144
162.151550 -149.244965 111.823105 63.609318 -100.068352 27.895315 -76.136215 -101.997360 36.353813 72.884216 62.600868 -163.339401 -65.719948 120.040367 22.595118 124.437668 -44.083851 103.097885 124.877449 109.754105 -66.993752 79.442795 -100.903015 -41.371895 -120.027931 -42.097797 -23.694584 124.325195 125.883728 190.736450 51.850475 -91.388695
168.856842 -157.136093 121.170464 65.871666 -114.270172 25.621902 -73.868820 -101.290184 39.119640 80.478416 62.901390 -170.254105 -67.344124 128.469208 27.448778 131.608688 -46.923576 99.150360 136.249954 106.934334 -74.805336 88.787468 -106.549522 -41.128872 -127.445877 -45.965130 -31.169546 132.049759 130.720078 193.478271 50.583485 -100.558182
155.712753 -146.898117 107.463768 62.467289 -97.226227 26.180773 -71.432518 -92.937126 36.869152 71.841194 57.769096 -155.904373 -62.757084 114.893608 20.900190 117.023499 -41.628494 95.691864 122.792458 102.836624 -65.218529 77.575348 -96.087822 -38.166565 -115.100227 -39.953808 -26.840990 117.464073 120.589767 179.005325 44.951340 -88.136360
136.875702 -121.247993 95.043083 49.183758 -89.088005 25.303230 -56.018848 -85.115082 33.325577 63.635654 50.414089 -130.536652 -50.608063 107.479378 18.610382 105.278458 -39.946178 79.738380 109.518906 83.378258 -68.480026 71.874725 -88.771996 -34.476215 -100.660492 -35.284748 -22.955215 100.100891 103.601105 156.308517 41.580051 -82.174522
161.969711 -150.082825 113.834457 63.304729 -104.613419 28.900597 -69.841232 -96.075104 39.233059 79.051376 57.234825 -159.337463 -61.387741 120.309387 20.019356 124.563545 -43.943600 96.062988 126.086197 102.926003 -71.367943 82.150223 -98.835556 -39.485928 -121.430153 -39.668285 -29.194855 123.192360 125.981750 185.669647 47.375572 -92.507324
161.891388 -144.229401 112.426941 62.666420 -102.463066 24.813255 -68.526138 -98.939217 38.358841 72.835793 62.650566 -155.210770 -64.230263 121.576294 21.865887 123.072151 -44.565987 97.177193 126.859756 103.712257 -72.693764 81.580399 -101.425499 -37.886848 -118.653313 -40.780968 -24.693962 120.955803 123.495255 185.439331 48.698906 -94.555008
153.375046 -136.822311 106.976799 60.225353 -96.073914 27.762991 -63.876545 -93.581993 38.765945 70.276772 54.935131 -145.898361 -57.636967 111.873627 17.082846 117.462898 -41.304825 94.227028 114.293747 98.069420 -66.721779 75.019257 -89.383728 -34.074673 -112.038979 -35.487930 -21.969723 114.408325 117.833992 174.435440 44.065022 -84.105858
161.729156 -154.341980 113.589035 65.051651 -99.617241 21.816498 -78.579910 -102.497368 35.384026 73.368668 63.987186 -160.519073 -71.500786 116.190392 21.849188 124.161987 -43.728737 106.147537 125.732750 112.553871 -62.552574 78.680412 -100.119492 -38.741516 -119.338257 -43.721657 -23.822268 124.309021 125.364075 188.423370 47.818115 -92.080650
146.589584 -137.521790 107.425079 57.261520 -95.256882 20.950514 -65.370689 -94.590622 34.329327 65.256424 58.958351 -142.949005 -60.048874 109.313065 19.788626 117.748375 -39.739372 94.528862 114.949936 96.451874 -60.870171 74.348396 -89.639427 -33.230663 -107.736694 -39.147671 -20.110079 114.962486 112.414261 170.169586 42.763935 -84.531975
154.098419 -142.832428 107.518700 59.816906 -97.214493 21.800116 -67.910950 -93.943298 36.037884 72.862076 58.546677 -146.992447 -63.313480 112.806259 19.941059 118.807121 -40.818478 93.689598 121.903198 99.867661 -65.493950 77.844177 -95.196930 -35.247917 -112.225983 -41.206593 -25.501106 115.304276 116.564781 175.228348 43.552620 -90.688568
152.527908 -140.224808 104.103889 59.567814 -93.297188 24.647501 -67.954414 -92.565857 35.556057 72.040352 56.110600 -148.439240 -58.304661 110.448151 18.556126 116.993584 -39.442070 93.526421 116.798958 100.723679 -62.574581 75.773590 -90.766739 -35.667763 -111.382118 -38.701584 -22.903641 114.459587 114.056160 176.097839 46.223270 -86.754524
158.504547 -148.331467 112.948502 59.163864 -101.852379 23.067795 -71.261513 -99.823868 35.544621 75.367355 60.027267 -153.762878 -64.492523 117.704185 20.547371 124.907249 -44.520119 98.584915 124.968788 102.825874 -67.657982 81.240883 -98.128342 -38.964321 -114.741829 -43.926296 -24.661396 122.660553 122.056519 181.942047 47.326599 -92.414604
150.609756 -135.455200 104.451965 55.679230 -95.566536 25.603033 -61.994846 -91.529007 36.274918 71.684845 55.486763 -141.733414 -55.966679 114.957054 18.144726 116.231247 -42.124489 87.884926 120.390778 92.891090 -71.271477 78.597527 -93.829483 -36.284504 -108.839836 -38.774761 -25.065836 110.972305 113.742798 170.660538 43.364964 -89.308952
148.909515 -136.797287 101.062477 57.257103 -91.196716 30.350357 -68.369331 -91.966354 35.546860 68.171577 54.507149 -148.681396 -55.798923 111.434761 18.646103 112.878548 -40.207142 93.680420 114.516190 97.860542 -66.296944 73.632011 -92.237709 -38.202911 -110.535995 -36.498276 -22.733360 110.479271 114.345833 174.257339 46.727673 -82.849968
156.175568 -140.944565 104.727303 57.391830 -98.090202 20.830641 -72.138168 -90.288208 34.999912 77.771812 59.611767 -149.608963 -63.346447 114.484634 16.902542 114.228630 -42.348736 92.589615 123.067749 97.111069 -69.942207 77.225899 -95.954544 -35.907967 -110.776505 -42.594566 -30.194212 117.747536 120.551682 173.190338 45.493988 -87.163124
180.490707 -163.206421 127.546410 70.041756 -110.846191 27.953346 -80.721321 -111.804947 42.193382 82.650948 69.030762 -174.730804 -72.333824 131.812561 17.213785 138.507767 -50.599281 114.918419 135.153580 117.630913 -74.656250 86.833588 -105.285599 -41.955738 -129.209549 -45.877628 -26.574465 140.529556 142.809067 206.919174 54.448242 -95.496841
158.392288 -149.429703 108.835876 63.315044 -101.153061 25.809044 -74.014389 -95.367035 35.867485 73.694275 57.515644 -161.027298 -63.334904 115.351906 25.331881 121.065750 -41.911354 97.528381 124.431839 105.800880 -64.800491 80.158943 -98.318558 -37.038605 -118.568314 -41.422440 -25.687590 119.597008 120.007835 183.493103 46.864540 -92.276886
150.218018 -135.568573 104.101677 59.807465 -94.281097 30.293737 -66.400070 -92.259613 37.842026 68.331856 58.302773 -147.731934 -54.553200 115.007332 19.700529 115.458527 -38.034195 91.540764 118.230644 97.131355 -69.257912 75.592796 -94.832817 -36.310093 -113.855141 -35.393848 -23.535870 110.656578 113.375061 177.245453 46.031597 -87.275093
137.742569 -125.248528 98.527809 52.871147 -86.850815 30.643936 -62.287888 -93.382469 33.622437 60.529118 53.292263 -138.153336 -49.856308 108.705925 19.572815 111.447365 -38.357937 89.504211 108.376396 92.490089 -64.698982 70.239159 -87.622696 -35.900860 -103.862411 -35.197548 -17.442789 104.183479 105.126534 168.049728 44.723358 -80.652298
167.927826 -151.565933 117.407799 62.190151 -102.890587 28.681316 -76.143341 -107.674294 38.270847 75.749008 64.884430 -163.173203 -66.429855 126.462852 18.086958 128.977875 -48.320984 108.286041 128.576416 109.809578 -74.335815 82.273285 -102.288750 -42.675812 -120.581604 -44.354725 -22.986923 128.573257 131.302246 195.065048 53.378677 -91.717415
147.538223 -134.358215 100.339897 57.515663 -90.122978 23.112568 -70.341606 -93.390488 32.659115 65.170952 59.246670 -145.534500 -59.186443 108.438194 20.174240 113.523506 -38.241970 94.844162 114.496506 99.622559 -60.888367 72.308388 -92.033653 -33.867416 -107.035355 -39.581615 -19.209841 110.829575 110.446884 173.038742 45.684113 -84.785248
156.927155 -142.523483 108.301926 58.497288 -96.958717 29.116846 -66.712708 -95.766525 37.946430 75.328476 56.953957 -148.671402 -57.028111 118.729401 16.165924 120.941795 -43.216908 93.541595 123.630066 98.574486 -72.473717 80.405594 -96.044403 -39.139843 -113.371185 -39.430817 -25.748579 115.651588 118.997032 179.368607 45.711723 -90.361465
175.117218 -158.488892 122.511391 68.424454 -109.450493 23.574381 -81.572044 -108.969536 38.769882 80.736885 71.975067 -171.020844 -70.772324 129.861954 21.876873 135.354065 -46.116230 109.357559 137.264465 116.217926 -73.214203 86.889153 -108.304436 -40.460789 -127.395859 -47.475887 -26.406778 135.744827 133.955353 204.491959 55.121014 -100.540680
156.104248 -141.187408 112.891281 60.019405 -103.268616 26.217585 -69.194740 -97.820541 36.841354 73.590157 60.849895 -152.371811 -59.653248 120.566696 20.738779 123.841873 -43.178955 95.111435 124.767242 98.380928 -73.152657 80.403816 -98.299370 -35.677216 -115.637009 -42.030525 -25.490995 120.596817 120.853050 181.424911 46.136784 -91.443062
166.082504 -153.557373 121.962936 59.924480 -112.082352 24.827406 -73.892693 -109.025276 36.496372 78.674049 63.989849 -162.839661 -67.721619 127.910606 25.815947 134.379028 -49.319416 103.658195 133.489670 106.476646 -76.221016 87.670967 -105.726585 -41.071468 -122.471741 -47.358101 -25.374331 130.514694 128.813232 192.934875 50.998184 -99.463509
176.690628 -158.000046 124.547775 67.818771 -114.047760 19.758244 -80.881912 -108.204750 39.153400 81.630814 72.220604 -170.756592 -73.833199 129.394333 23.828583 136.094284 -47.500435 108.679565 138.051727 113.456604 -73.593704 88.014816 -107.711555 -36.615067 -126.590324 -48.985401 -26.814030 137.598267 134.530762 201.148453 53.305275 -101.024170
180.492508 -158.680847 124.449997 66.834961 -116.479828 25.688280 -80.136703 -107.476700 41.854397 86.265373 69.472122 -172.258011 -71.748520 133.800613 21.257427 134.938751 -50.160057 108.242897 138.843933 111.806465 -82.544250 89.222435 -110.342590 -40.873398 -129.401306 -46.869629 -31.579889 137.655518 141.297348 201.140228 53.970764 -99.872231
179.880661 -165.466385 125.067856 72.096237 -110.700928 25.642891 -83.297813 -113.006790 40.903332 79.149246 71.526451 -176.069611 -75.954208 130.013016 24.112484 137.770432 -47.450413 116.030502 138.283478 121.658615 -71.061394 87.403915 -109.544487 -40.667164 -131.298996 -46.667557 -23.858400 136.513840 136.794281 208.513992 53.883366 -101.406677
182.881866 -161.460266 128.023285 70.742699 -117.365746 24.991812 -82.379478 -113.877426 41.457970 81.467270 74.836296 -178.283188 -75.464172 136.749985 26.751942 140.102768 -49.718098 113.099174 142.846298 118.495193 -79.428810 91.080826 -114.845497 -40.482189 -133.597931 -48.960922 -26.529089 140.326767 139.651245 211.365021 57.278381 -105.564735
165.913345 -153.993210 113.892624 62.990620 -109.376083 28.247417 -72.178078 -95.889740 38.987484 83.534500 58.944187 -163.637009 -60.182060 125.354393 24.320387 128.244797 -43.414444 92.755455 135.130386 102.327431 -75.868111 88.110359 -104.132500 -39.256710 -123.489418 -44.474457 -32.554634 124.487587 123.777512 188.051025 47.806351 -100.903580
174.289429 -160.923935 122.282158 65.816513 -110.814461 24.611906 -79.352310 -110.798714 39.370945 79.764664 68.933929 -168.471405 -72.356018 129.610672 24.478844 136.370071 -47.454430 109.506897 137.446762 114.267548 -73.900391 88.250816 -109.336426 -42.193386 -125.952217 -48.749012 -25.262928 132.752701 131.777985 200.217545 52.975731 -102.318810
132.302521 -121.503822 89.930336 48.023808 -81.845474 27.932148 -61.089939 -85.133560 31.839226 60.017956 49.914780 -128.351791 -47.965729 102.512390 15.080068 103.476059 -36.135452 83.609131 104.620186 84.269257 -62.455738 66.815170 -84.381798 -33.586468 -94.881042 -36.274487 -19.621445 96.196312 99.485191 152.977524 38.773907 -76.356827
182.052490 -161.691437 124.712944 69.687370 -113.544975 32.752750 -78.177101 -109.523430 44.670879 85.189415 67.507927 -173.971848 -67.204643 136.534851 20.668346 138.365906 -47.988815 108.440025 140.971512 115.127777 -82.366249 90.667061 -110.784340 -44.121380 -131.760971 -45.662617 -29.823662 134.901550 139.058609 207.969864 54.780247 -102.824677
132.718353 -119.566200 87.123238 51.853977 -82.416313 31.540840 -58.107452 -80.747765 35.810364 60.016563 48.127827 -128.561600 -45.184010 101.150833 18.385483 100.487480 -31.714556 79.331184 103.580536 84.343796 -62.419640 67.103531 -84.652527 -29.888380 -99.089798 -30.873760 -21.494619 90.931244 96.535004 153.926910 37.837399 -78.153114
164.376968 -148.386627 109.133751 62.291397 -100.429680 28.605753 -76.283806 -98.208000 38.169037 78.512100 61.743385 -157.085358 -62.482925 121.717941 17.215933 123.407860 -41.888969 99.216484 128.618195 104.875847 -72.284126 80.627991 -102.354668 -39.794693 -116.999931 -44.007832 -28.299799 119.729340 124.004868 186.410461 47.818806 -93.046165
192.282486 -174.837677 132.530914 77.061546 -124.152191 30.564198 -83.434242 -110.814636 46.492500 91.112480 70.801537 -188.496338 -74.178986 141.594299 25.840998 145.503113 -49.530113 111.924843 150.819427 120.818832 -82.654221 96.931793 -117.128410 -42.036942 -142.126556 -48.605114 -34.895306 144.677887 146.060455 216.664856 53.947205 -110.296333
178.739624 -161.332458 123.952400 70.064919 -112.102852 29.692776 -78.053795 -107.731491 42.958385 83.598419 69.958267 -171.627289 -66.770546 135.112671 20.417004 138.097183 -46.162952 106.414192 141.965546 113.125282 -79.283951 90.578270 -110.453331 -41.324333 -130.180283 -46.027264 -29.737637 134.213196 134.994766 205.207611 51.921215 -103.550812
169.961868 -157.447433 118.087822 69.269058 -106.663177 28.265142 -76.111534 -105.701263 40.804298 74.977859 68.545044 -165.997208 -67.168991 127.425140 24.011484 133.148453 -43.050514 104.991119 135.466858 112.033852 -71.755898 86.111549 -107.443970 -38.022274 -126.466545 -42.980957 -25.061987 126.638199 126.917221 197.679321 47.678478 -101.353706
178.496017 -160.765640 123.920624 73.044296 -112.713135 30.899481 -81.063766 -112.223251 42.433605 75.813301 72.653893 -178.504944 -70.461922 134.690582 28.217350 138.730270 -45.524910 112.302109 140.231674 118.747749 -76.071617 89.176735 -112.922417 -39.819420 -133.593018 -45.668709 -24.001055 134.651627 133.926407 210.999268 54.601017 -104.310570
174.737549 -161.883194 119.190178 68.729523 -114.644089 33.044716 -70.324974 -102.255928 45.000145 83.449150 60.388813 -169.784439 -64.345398 130.342087 28.031986 135.684631 -43.966740 99.088699 138.711227 108.405670 -77.739868 92.317413 -108.493195 -39.973011 -132.245758 -42.311325 -30.545778 126.460754 127.361809 198.473206 48.272438 -107.030991
142.868774 -132.667557 94.653267 54.516457 -87.573769 36.301449 -64.442284 -87.594376 37.563171 67.168953 48.985462 -141.200882 -46.625038 108.860603 17.701731 109.711975 -36.021252 86.386742 111.472755 91.952011 -66.506989 72.689964 -89.576950 -36.209705 -106.191177 -33.565681 -23.423372 100.337456 106.018578 166.933838 42.115776 -82.517212
207.488098 -183.470108 144.404678 78.239082 -130.281052 34.511616 -91.727867 -129.197845 48.238068 93.697830 81.826508 -202.386261 -80.193672 159.277985 26.717030 158.295868 -57.758430 126.656441 163.150742 133.336243 -95.550285 104.193153 -129.981384 -52.539505 -150.722748 -54.998730 -32.188801 157.917526 160.363251 240.748566 66.937180 -118.272842
185.098434 -167.798035 126.050774 75.094139 -112.835014 34.360485 -84.678932 -115.863869 44.421036 81.071991 72.111076 -182.881210 -71.982361 137.046631 25.198067 142.535675 -46.670948 117.251633 142.143433 124.575645 -76.937912 90.353127 -114.528435 -43.683331 -137.130798 -46.114353 -25.071184 137.580627 139.145782 218.338242 56.905151 -105.393478
158.042709 -143.688492 104.345604 61.426785 -95.092758 35.905289 -71.973694 -95.839645 40.283218 74.209045 55.907402 -152.486145 -55.131813 117.724403 16.280798 119.833656 -39.108078 97.306763 121.088219 102.188545 -70.910599 77.375839 -96.710770 -39.202599 -114.928490 -38.615452 -25.435654 112.332626 118.650131 182.767136 46.134846 -87.970963
190.437469 -171.528885 128.533386 71.608322 -116.824799 33.201378 -87.439156 -113.587151 44.848534 90.641914 72.818642 -184.237503 -72.510429 142.511124 18.467094 142.286026 -50.400730 115.777954 148.107635 120.856270 -85.538269 93.036980 -117.122200 -47.801723 -136.675827 -49.593876 -33.943050 142.509262 147.742828 217.028305 57.860104 -104.520584
209.726303 -191.822281 143.407928 77.162582 -136.817276 31.783859 -92.452118 -122.057495 48.096073 106.218880 74.678452 -203.467941 -81.033333 154.982864 25.875952 159.592438 -57.316013 120.788063 164.658508 129.756393 -92.789856 107.101730 -128.488632 -51.568829 -152.103271 -57.544140 -41.378139 160.226273 161.537460 234.881561 62.751942 -120.734879
175.313629 -161.092850 122.621346 69.705528 -112.960350 36.608559 -80.702934 -108.045219 43.679264 81.292534 64.662376 -174.143906 -65.469574 133.222900 21.446690 136.525208 -47.401268 109.418671 136.164093 112.069572 -79.830612 87.793121 -108.967514 -41.603592 -130.071228 -44.702900 -29.271320 132.640472 137.682877 202.815460 50.391590 -97.590744
163.407242 -150.234879 109.954544 61.567410 -104.142563 31.475109 -69.885933 -98.329224 39.125847 79.018204 57.448330 -159.397934 -58.576038 122.615250 24.514502 126.420174 -42.752571 94.554268 130.298035 103.145729 -74.196243 85.910919 -102.621910 -38.862404 -122.263718 -40.313374 -27.224758 117.586472 118.786263 187.779480 47.444431 -99.327393
142.028809 -128.839111 92.983551 55.103630 -84.240501 31.492697 -66.686623 -89.985458 35.216766 63.370197 52.968060 -138.629196 -52.137897 105.623482 17.946566 107.987160 -35.635891 91.352928 108.398529 94.693817 -62.870987 69.037529 -88.633232 -33.268120 -104.462090 -34.598000 -17.856199 99.612930 103.533943 166.768143 42.696995 -80.866127
154.764038 -141.956909 104.002342 58.411381 -97.457733 27.760424 -72.604034 -92.118874 36.413704 75.447784 56.434189 -148.394974 -58.877262 114.052917 17.083700 117.549545 -39.280281 93.731255 122.258522 96.922623 -68.811012 76.589546 -96.916061 -34.909248 -110.848488 -42.288609 -27.011248 112.198219 116.353302 174.803482 42.061928 -88.698273
193.842529 -177.259720 133.993362 72.684258 -123.828079 34.885956 -85.398956 -118.167007 45.228031 94.106331 68.747795 -188.981506 -72.921562 145.280167 24.734966 149.708267 -53.693798 116.443794 151.719193 122.991829 -86.929703 99.302193 -119.735291 -48.313484 -141.834335 -51.048481 -32.416252 145.735046 148.059845 222.212051 58.546906 -111.671516
164.085754 -150.522339 112.858597 63.399170 -101.587669 31.311438 -77.725357 -103.324379 38.749645 73.637985 63.721008 -161.370087 -63.189419 123.337761 18.716248 126.090561 -44.254307 105.929985 127.128647 106.774933 -72.749397 80.654205 -102.186684 -38.118404 -119.188431 -42.574947 -23.786385 122.634216 126.209496 190.158569 47.880093 -90.851074
167.094040 -153.789383 110.869751 66.730011 -99.102646 32.673141 -78.601372 -103.823189 40.369938 73.847519 63.824673 -162.837219 -64.831299 122.177368 21.010664 126.144897 -41.692921 106.395279 128.491745 112.300865 -70.031113 80.963722 -104.557541 -38.487400 -122.340889 -40.731518 -22.780411 119.053284 124.044472 194.531982 48.228439 -95.440956
161.713409 -144.508224 111.742638 62.104279 -101.895432 32.019402 -71.379929 -103.166664 39.147797 72.905807 61.277691 -156.178391 -59.733982 123.702065 22.230347 126.736389 -42.759850 100.658356 127.171486 103.817390 -74.801132 82.165993 -101.706543 -37.126888 -118.774361 -41.943161 -22.435808 117.946709 119.915161 189.123505 47.590523 -94.623055
176.491241 -161.373672 116.784050 64.418953 -109.022217 35.936928 -81.012215 -104.844879 41.664005 85.682800 62.719486 -174.057419 -62.763905 133.488190 21.326237 131.596039 -47.221615 105.047798 139.100021 111.622772 -83.214386 89.394119 -110.900612 -46.891834 -129.443069 -44.679104 -31.566870 128.111771 133.640869 202.202286 54.758289 -100.461693
195.460922 -180.370560 138.256729 74.833313 -132.311417 33.290642 -83.165749 -116.372154 46.231861 95.668663 69.494698 -194.456055 -72.698982 148.892090 31.422804 153.461624 -53.757725 112.304337 158.113968 120.915619 -89.954865 104.872070 -122.796906 -45.519745 -147.419647 -51.812870 -35.596748 149.162567 147.623138 223.513687 57.118992 -118.253387
209.708527 -192.897873 146.174667 84.333412 -132.795715 30.373943 -94.212944 -125.436646 48.976421 97.296478 80.325203 -205.367859 -84.049614 153.067200 27.805582 160.498383 -54.293373 127.457985 164.404144 136.617645 -86.339340 105.011017 -127.702934 -45.945904 -153.678223 -54.670639 -34.062218 159.376389 158.958252 240.032837 60.310570 -120.500801
206.100021 -187.961563 142.483917 82.340370 -126.695641 35.135799 -93.501007 -128.220673 48.341969 92.438660 80.572548 -203.309052 -80.453598 152.727295 27.384069 158.655472 -53.460850 128.933136 159.857147 137.850052 -86.464081 102.115982 -126.897095 -48.834030 -152.802902 -51.453789 -29.337524 155.229675 156.009521 242.252228 63.598392 -118.107292
163.288513 -153.420029 110.445496 59.949940 -103.971817 34.726818 -74.721786 -101.197845 38.923031 76.993980 56.295998 -162.084137 -59.983067 122.694756 23.114676 126.404091 -44.814812 100.639961 128.826721 104.073669 -74.562386 83.934532 -103.418938 -40.711212 -120.108513 -42.631214 -25.770027 118.835991 123.439690 187.601547 47.312710 -95.121712
192.981857 -175.874527 132.918640 75.130386 -124.567665 29.241743 -85.338875 -114.162575 46.334522 90.661545 70.912895 -187.514359 -75.625954 139.204575 26.649544 147.930801 -49.887630 116.129227 148.975021 122.087387 -80.305138 97.141945 -115.499878 -40.313274 -140.070740 -50.058220 -31.115147 145.095337 144.435562 217.376541 54.762768 -109.815201
195.547714 -176.935867 135.939819 77.816025 -126.440193 36.010269 -83.817329 -118.714188 48.563610 86.894005 73.965034 -192.407608 -74.302795 148.890762 30.018160 149.693954 -51.919895 117.083702 155.444962 124.463448 -89.923698 100.304832 -124.549965 -44.223083 -146.934555 -47.992367 -30.591423 144.077866 147.341949 225.849945 56.643291 -115.961823
206.732849 -183.879211 142.049042 81.048798 -122.329048 38.271427 -91.497253 -131.094788 50.028866 89.153793 81.843086 -199.283691 -79.002335 155.493652 22.877634 157.172897 -55.103294 131.766373 158.422653 137.437424 -90.989487 100.382195 -126.178093 -50.799171 -150.203644 -49.931240 -26.209743 152.679306 157.335953 242.757431 64.745850 -114.906738
186.311859 -167.822693 128.188324 70.101212 -115.719048 37.304493 -79.978294 -117.771606 45.352081 83.581612 68.528084 -179.779938 -68.527283 142.271561 24.784609 144.572495 -51.570930 114.850311 146.030731 119.219437 -86.514542 95.666748 -116.391136 -46.164494 -135.995712 -46.847691 -25.769638 135.965942 139.453262 216.067825 56.188061 -108.231575
195.604126 -181.030136 134.810074 75.802757 -121.449425 42.884773 -83.483780 -121.452003 49.014343 89.951775 68.174828 -193.526718 -69.312119 148.221680 26.327148 151.942368 -53.674675 119.427673 152.064194 126.484253 -88.693573 100.465164 -120.219246 -49.060883 -146.461227 -45.478130 -29.391928 143.133881 147.811981 228.290680 57.863094 -112.461502
163.421585 -147.436157 107.166771 62.964111 -97.588051 35.045708 -72.844460 -97.425369 41.951420 76.500969 58.021942 -154.680298 -57.233772 120.066727 16.184275 122.316109 -40.097313 99.425835 124.945663 103.780121 -73.260529 80.181641 -98.584061 -37.239479 -117.395470 -38.641632 -25.712818 113.916496 120.726074 185.800110 45.309673 -90.988716
184.219574 -166.397934 124.707062 72.873581 -116.709038 36.200729 -79.951210 -112.181816 45.830101 83.249992 69.276009 -180.029160 -68.309319 139.507782 28.098257 141.111938 -46.892986 110.181198 145.761047 117.998405 -84.020798 94.359962 -117.893654 -42.246208 -138.887985 -44.286381 -28.215582 132.179123 135.137527 214.127548 53.951660 -110.491150
183.890228 -171.955429 127.264969 72.545097 -115.247368 36.905968 -81.193634 -110.434448 45.770264 87.684349 64.661682 -179.354431 -65.697411 136.633301 19.897982 143.030136 -47.693642 112.097801 143.359100 116.862038 -80.952805 92.827782 -111.292488 -42.504421 -134.860764 -45.776726 -30.494434 136.428650 139.399307 210.969223 50.185364 -104.093521
205.866501 -186.298630 145.266373 78.511879 -135.149170 37.761448 -83.851349 -121.870132 51.974667 100.505028 71.782883 -196.096893 -73.778191 154.777542 24.009836 159.652924 -55.569111 119.296013 161.106918 125.183205 -96.277283 106.081505 -124.233246 -46.824265 -151.382721 -50.784676 -36.494797 154.276169 157.774643 231.808578 56.983818 -118.653412
173.379883 -157.487595 117.383209 64.634735 -109.215660 32.601818 -77.294388 -105.194908 41.268173 83.447113 64.061256 -165.024765 -63.363934 131.866318 20.472197 133.212997 -45.523903 102.936012 139.158447 107.693932 -81.564484 88.935036 -110.445137 -41.025375 -125.541817 -45.904400 -29.626171 124.883659 128.707169 197.448730 48.554005 -102.591057
185.409790 -171.260727 127.253723 75.047417 -113.735420 34.447186 -83.216881 -114.253098 45.327904 82.247643 70.619659 -182.032059 -69.279839 137.335037 24.950281 143.576782 -46.460995 115.339294 144.980881 122.698151 -78.830948 93.036255 -113.947655 -41.370918 -137.255081 -45.551853 -26.001192 135.885727 137.096466 216.287903 52.952354 -107.850945
180.497269 -166.255325 121.758942 67.434288 -115.271217 37.671242 -80.961044 -108.405525 43.470898 88.581062 62.218166 -178.341110 -62.988300 136.225922 24.945190 138.872009 -47.056473 106.600739 142.933990 114.165047 -83.949844 93.411438 -112.920242 -45.192856 -134.307755 -45.916916 -31.432600 131.182663 134.440475 208.482010 53.991798 -106.223328
190.229248 -172.947098 128.817566 74.055717 -116.370735 32.638287 -85.393295 -113.760445 45.803139 88.141899 71.086159 -183.340988 -72.118896 140.452774 22.570690 143.652206 -48.862331 115.670204 149.201477 122.115486 -83.984695 94.639664 -116.023331 -42.824802 -137.338379 -49.342796 -30.428759 139.252258 142.053741 216.978577 54.247307 -108.348167
208.563644 -188.216125 148.659180 80.657074 -136.933884 31.112038 -90.711502 -129.701813 49.656483 92.628479 83.186615 -201.004456 -84.466774 157.774155 29.364933 162.699448 -56.947643 128.392227 165.841019 131.154877 -93.343224 106.397041 -131.723801 -45.377426 -151.723343 -56.031765 -31.333870 158.799652 159.212189 238.017410 59.431660 -121.928040
184.318405 -161.379013 127.594673 70.404633 -115.474716 35.135315 -76.183372 -117.567726 46.314365 81.135437 72.037003 -174.151566 -66.673264 143.017731 24.108109 144.004059 -49.115520 111.959908 145.175674 116.600769 -87.841599 94.219055 -116.281410 -42.161648 -135.425186 -45.768879 -25.350182 133.158493 135.638779 215.164474 55.138718 -109.453346
182.385162 -166.112457 123.762695 69.354355 -113.399223 33.965282 -79.409607 -114.231255 43.087769 84.421112 67.986862 -174.919098 -67.994102 137.207550 25.871798 142.469559 -47.863186 110.054451 144.827499 117.491943 -81.864960 94.044327 -115.261864 -42.598541 -134.122177 -46.267586 -26.465807 131.058746 132.773895 211.136063 52.241001 -110.227196
180.852524 -159.269882 121.984970 66.085648 -116.309021 33.174358 -77.999138 -108.432922 43.948608 85.249222 64.592812 -170.617386 -67.022324 136.107605 23.370293 136.792465 -49.104534 106.610855 142.039017 109.358353 -86.666222 91.917023 -113.118324 -40.091530 -129.040390 -47.570576 -29.773031 129.538696 134.929672 201.493958 50.210884 -104.375938
190.848801 -176.040497 128.463730 76.387894 -117.387123 33.758957 -83.786865 -114.388443 46.957531 89.287384 69.927673 -183.494812 -72.273216 138.974426 25.580278 146.413147 -46.537609 114.629417 148.962921 124.638924 -81.353806 96.265800 -117.286118 -42.215519 -141.813568 -47.404205 -30.307911 136.978317 138.497009 218.975922 53.194260 -113.283150
